LECROYWaveRunner„U,21892,Waveform
Segments,1,SegmentSize,2002
Segment,TrigTime,TimeSinceSegment1
#1,15-Jun-2021 15:24:40,0                 
Time,Ampl
-9.489317e-08,-0.000337476
-9.479317e-08,-7.28385e-05
-9.469317e-08,-0.000233696
-9.459317e-08,-0.000330989
-9.449317e-08,-0.000244074
-9.439317e-08,-0.000556709
-9.429317e-08,-0.00055152
-9.419317e-08,-7.80274e-05
-9.409317e-08,-5.85688e-05
-9.399317e-08,-0.000150673
-9.389317e-08,-0.000228507
-9.379317e-08,-0.000176618
-9.369317e-08,0.00022423
-9.359317e-08,7.59041e-06
-9.349317e-08,-0.00050482
-9.339317e-08,-0.000464605
-9.329317e-08,-0.000406229
-9.319317e-08,-0.000458119
-9.309317e-08,-0.000436066
-9.299317e-08,-0.000162348
-9.289317e-08,0.00038379
-9.279317e-08,0.000333198
-9.269317e-08,-0.000145484
-9.259317e-08,-0.000150673
-9.249317e-08,-0.000206454
-9.239317e-08,-0.000330989
-9.229317e-08,-0.000113053
-9.219317e-08,-0.000343962
-9.209317e-08,-0.000546331
-9.199317e-08,2.31573e-05
-9.189317e-08,0.000171043
-9.179317e-08,-1.18682e-05
-9.169317e-08,-5.98661e-05
-9.159317e-08,-0.000281694
-9.149317e-08,-0.000164943
-9.139317e-08,-0.000183104
-9.129317e-08,-0.000481469
-9.119317e-08,-0.00031672
-9.109317e-08,-7.41357e-05
-9.099317e-08,-0.000237588
-9.089317e-08,-0.000464605
-9.079317e-08,-0.000314125
-9.069317e-08,5.68855e-05
-9.059317e-08,0.000110072
-9.049317e-08,2.31573e-05
-9.039317e-08,0.000207365
-9.029317e-08,0.000265741
-9.019317e-08,6.07773e-05
-9.009317e-08,-0.000113053
-8.999317e-08,-0.000126025
-8.989317e-08,-9.48916e-05
-8.979317e-08,-0.000113053
-8.969317e-08,2.96435e-05
-8.959317e-08,9.96945e-05
-8.949317e-08,-0.000101378
-8.939317e-08,-5.38199e-06
-8.929317e-08,0.000259255
-8.919317e-08,9.83972e-05
-8.909317e-08,-0.000275208
-8.899317e-08,-0.000185698
-8.889317e-08,0.000379898
-8.879317e-08,0.000615996
-8.869317e-08,0.000399357
-8.859317e-08,-6.5055e-05
-8.849317e-08,-0.000201265
-8.839317e-08,-5.46771e-05
-8.829317e-08,-0.000395851
-8.819317e-08,-0.000249263
-8.809317e-08,2.05628e-05
-8.799317e-08,-0.000298558
-8.789317e-08,-0.000310233
-8.779317e-08,-0.00037769
-8.769317e-08,-0.000218129
-8.759317e-08,-5.38199e-06
-8.749317e-08,-0.000425688
-8.739317e-08,-0.000655299
-8.729317e-08,-0.000733134
-8.719317e-08,-0.000669569
-8.709317e-08,-0.000412715
-8.699317e-08,-0.000421796
-8.689317e-08,-0.000321909
-8.679317e-08,-0.000224616
-8.669317e-08,-0.000295964
-8.659317e-08,-0.000408824
-8.649317e-08,-0.000613788
-8.639317e-08,-0.000629355
-8.629317e-08,-0.000587843
-8.619317e-08,-0.000474983
-8.609317e-08,-0.000262236
-8.599317e-08,-0.000253155
-8.589317e-08,-0.00042958
-8.579317e-08,-0.000472388
-8.569317e-08,-0.000420499
-8.559317e-08,-0.000445146
-8.549317e-08,-0.000441255
-8.539317e-08,-0.000161051
-8.529317e-08,-3.00296e-05
-8.519317e-08,-0.000285586
-8.509317e-08,-0.000443849
-8.499317e-08,-0.00045293
-8.489317e-08,-0.000292072
-8.479317e-08,-0.000237588
-8.469317e-08,-0.000157159
-8.459317e-08,-0.000338773
-8.449317e-08,-0.000952367
-8.439317e-08,-0.000740917
-8.429317e-08,-5.33799e-05
-8.419317e-08,-5.07854e-05
-8.409317e-08,-2.35434e-05
-8.399317e-08,-1.70572e-05
-8.389317e-08,-0.000446444
-8.379317e-08,-0.000638435
-8.369317e-08,-0.000600815
-8.359317e-08,-0.000463308
-8.349317e-08,-0.000404932
-8.339317e-08,-0.000596924
-8.329317e-08,-0.000503522
-8.319317e-08,3.74269e-05
-8.309317e-08,0.000426599
-8.299317e-08,0.000411032
-8.289317e-08,9.06138e-05
-8.279317e-08,-0.000148078
-8.269317e-08,-0.000246669
-8.259317e-08,-0.00030245
-8.249317e-08,-0.000262236
-8.239317e-08,-0.000550223
-8.229317e-08,-0.000689028
-8.219317e-08,-0.000424391
-8.209317e-08,-0.000685136
-8.199317e-08,-0.00101593
-8.189317e-08,-0.00065011
-8.179317e-08,-0.000237588
-8.169317e-08,-0.000246669
-8.159317e-08,-0.00043866
-8.149317e-08,-0.000604707
-8.139317e-08,-0.000765565
-8.129317e-08,-0.000659191
-8.119317e-08,-0.000273911
-8.109317e-08,5.68855e-05
-8.099317e-08,9.96945e-05
-8.089317e-08,-0.000107864
-8.079317e-08,-0.000138998
-8.069317e-08,-0.000224616
-8.059317e-08,-0.000321909
-8.049317e-08,2.18601e-05
-8.039317e-08,0.000274822
-8.029317e-08,-5.72716e-05
-8.019317e-08,-0.000333584
-8.009317e-08,-0.000127323
-7.999317e-08,-0.000196076
-7.989317e-08,-0.000343962
-7.979317e-08,-0.000106567
-7.969317e-08,6.85607e-05
-7.959317e-08,0.00034617
-7.949317e-08,0.00045903
-7.939317e-08,0.000215149
-7.929317e-08,5.42911e-05
-7.919317e-08,4.26159e-05
-7.909317e-08,6.85607e-05
-7.899317e-08,-8.32164e-05
-7.889317e-08,-0.000148078
-7.879317e-08,-0.000223318
-7.869317e-08,-0.000456822
-7.859317e-08,-0.000462011
-7.849317e-08,-0.000419202
-7.839317e-08,-0.000449038
-7.829317e-08,-0.00043866
-7.819317e-08,-0.000162348
-7.809317e-08,0.000108775
-7.799317e-08,5.81828e-05
-7.789317e-08,0.000182718
-7.779317e-08,0.000136017
-7.769317e-08,-6.67923e-06
-7.759317e-08,8.28304e-05
-7.749317e-08,-7.93247e-05
-7.739317e-08,-0.000293369
-7.729317e-08,-0.000425688
-7.719317e-08,-0.000327098
-7.709317e-08,5.55883e-05
-7.699317e-08,-2.35434e-05
-7.689317e-08,-0.000324503
-7.679317e-08,0.00027093
-7.669317e-08,0.000843013
-7.659317e-08,0.000295578
-7.649317e-08,-0.000330989
-7.639317e-08,-0.000312828
-7.629317e-08,-9.61888e-05
-7.619317e-08,5.03993e-05
-7.609317e-08,-5.72716e-05
-7.599317e-08,-0.000298558
-7.589317e-08,-1.44627e-05
-7.579317e-08,0.000294281
-7.569317e-08,0.000215149
-7.559317e-08,7.50469e-05
-7.549317e-08,-0.000109161
-7.539317e-08,-0.000132512
-7.529317e-08,-0.000228507
-7.519317e-08,-0.000595626
-7.509317e-08,-0.000665677
-7.499317e-08,-0.000705892
-7.489317e-08,-0.000823941
-7.479317e-08,-0.000477577
-7.469317e-08,-8.32164e-05
-7.459317e-08,6.33717e-05
-7.449317e-08,-6.89468e-05
-7.439317e-08,-0.000294667
-7.429317e-08,-0.000428282
-7.419317e-08,-0.000186996
-7.409317e-08,-1.57599e-05
-7.399317e-08,-0.000564493
-7.389317e-08,-0.000720161
-7.379317e-08,-0.000535953
-7.369317e-08,-0.00076297
-7.359317e-08,-0.000816157
-7.349317e-08,-0.000879722
-7.339317e-08,-0.000987393
-7.329317e-08,-0.000642327
-7.319317e-08,-0.000526873
-7.309317e-08,-0.000651408
-7.299317e-08,-0.000456822
-7.289317e-08,-0.000395851
-7.279317e-08,-0.000604707
-7.269317e-08,-0.000638435
-7.259317e-08,-0.000583951
-7.249317e-08,-0.000613788
-7.239317e-08,-0.000468497
-7.229317e-08,-0.000397149
-7.219317e-08,-0.000462011
-7.209317e-08,-0.000159754
-7.199317e-08,0.000112667
-7.189317e-08,-0.000222021
-7.179317e-08,-0.000364718
-7.169317e-08,-8.58109e-05
-7.159317e-08,-0.000355637
-7.149317e-08,-0.000546331
-7.139317e-08,-0.000388068
-7.129317e-08,-0.000586546
-7.119317e-08,-0.00037769
-7.109317e-08,-0.000164943
-7.099317e-08,-0.000460713
-7.089317e-08,-0.000198671
-7.079317e-08,0.000277416
-7.069317e-08,0.000112667
-7.059317e-08,-1.31654e-05
-7.049317e-08,0.000232013
-7.039317e-08,-1.83544e-05
-7.029317e-08,-0.000489253
-7.019317e-08,-0.000330989
-7.009317e-08,-0.000201265
-6.999317e-08,-0.000449038
-6.989317e-08,-0.000334881
-6.979317e-08,-7.0244e-05
-6.969317e-08,-9.87833e-05
-6.959317e-08,1.40766e-05
-6.949317e-08,0.000107478
-6.939317e-08,-0.000102675
-6.929317e-08,-0.000145484
-6.919317e-08,-0.000220724
-6.909317e-08,-0.000459416
-6.899317e-08,-0.000460713
-6.889317e-08,-0.000420499
-6.879317e-08,-0.000586546
-6.869317e-08,-0.000506117
-6.859317e-08,-0.000102675
-6.849317e-08,-0.000190887
-6.839317e-08,-0.000215535
-6.829317e-08,0.000242391
-6.819317e-08,0.000142503
-6.809317e-08,-0.00030245
-6.799317e-08,-4.04075e-05
-6.789317e-08,0.000312442
-6.779317e-08,-0.000343962
-6.769317e-08,-0.000611193
-6.759317e-08,-6.89468e-05
-6.749317e-08,-0.000188293
-6.739317e-08,-0.000364718
-6.729317e-08,-0.000231102
-6.719317e-08,-0.000280397
-6.709317e-08,-5.38199e-06
-6.699317e-08,0.000283903
-6.689317e-08,8.15331e-05
-6.679317e-08,-0.000132512
-6.669317e-08,2.05628e-05
-6.659317e-08,0.000248877
-6.649317e-08,0.000237202
-6.639317e-08,-6.76495e-05
-6.629317e-08,-0.000318017
-6.619317e-08,1.10421e-06
-6.609317e-08,0.000150287
-6.599317e-08,-0.00012862
-6.589317e-08,1.10421e-06
-6.579317e-08,0.00026185
-6.569317e-08,9.45055e-05
-6.559317e-08,-0.000272613
-6.549317e-08,-0.000462011
-6.539317e-08,-0.000445146
-6.529317e-08,-0.000430877
-6.519317e-08,-0.000306342
-6.509317e-08,-0.000232399
-6.499317e-08,-0.000432174
-6.489317e-08,-0.000615085
-6.479317e-08,-0.000760376
-6.469317e-08,-0.000522981
-6.459317e-08,6.85607e-05
-6.449317e-08,-4.08475e-06
-6.439317e-08,-0.000755187
-6.429317e-08,-0.000891397
-6.419317e-08,-0.000694217
-6.409317e-08,-0.000934206
-6.399317e-08,-0.000705892
-6.389317e-08,-0.000356934
-6.379317e-08,-0.00058914
-6.369317e-08,-0.000382879
-6.359317e-08,0.000115261
-6.349317e-08,-5.07854e-05
-6.339317e-08,-0.000320611
-6.329317e-08,-0.000275208
-6.319317e-08,1.53739e-05
-6.309317e-08,-9.27371e-06
-6.299317e-08,-0.000599518
-6.289317e-08,-0.000835616
-6.279317e-08,-0.000749998
-6.269317e-08,-0.000634544
-6.259317e-08,-0.000433471
-6.249317e-08,-0.00041531
-6.239317e-08,-0.000458119
-6.229317e-08,-0.000433471
-6.219317e-08,-0.000439957
-6.209317e-08,-0.000441255
-6.199317e-08,-0.00043866
-6.189317e-08,-0.000441255
-6.179317e-08,-0.00030245
-6.169317e-08,-0.000233696
-6.159317e-08,-0.000569682
-6.149317e-08,-0.000820049
-6.139317e-08,-0.000630652
-6.129317e-08,-0.000419202
-6.119317e-08,-0.00056579
-6.109317e-08,-0.000659191
-6.099317e-08,-0.000578762
-6.089317e-08,-0.000611193
-6.079317e-08,-0.000472388
-6.069317e-08,-0.000395851
-6.059317e-08,-0.000877127
-6.049317e-08,-0.00105355
-6.039317e-08,-0.000321909
-6.029317e-08,8.88765e-06
-6.019317e-08,-0.000432174
-6.009317e-08,-0.000652705
-5.999317e-08,-0.000595626
-5.989317e-08,-0.000602113
-5.979317e-08,-0.000197374
-5.969317e-08,0.000152881
-5.959317e-08,-0.000240182
-5.949317e-08,-0.000500928
-5.939317e-08,-0.000286883
-5.929317e-08,-0.000228507
-5.919317e-08,-0.000439957
-5.909317e-08,-0.000747403
-5.899317e-08,-0.00082913
-5.889317e-08,-0.000463308
-5.879317e-08,-9.22971e-05
-5.869317e-08,6.59662e-05
-5.859317e-08,6.98579e-05
-5.849317e-08,-8.97026e-05
-5.839317e-08,-0.000420499
-5.829317e-08,-0.000360826
-5.819317e-08,-0.000198671
-5.809317e-08,-0.000442552
-5.799317e-08,-0.000617679
-5.789317e-08,-0.000616382
-5.779317e-08,-0.000595626
-5.769317e-08,-0.000609896
-5.759317e-08,-0.000606004
-5.749317e-08,-0.000604707
-5.739317e-08,-0.000744809
-5.729317e-08,-0.000810968
-5.719317e-08,-0.000474983
-5.709317e-08,-0.000502225
-5.699317e-08,-0.000689028
-5.689317e-08,-0.00057487
-5.679317e-08,-0.000881019
-5.669317e-08,-0.0008901
-5.659317e-08,-0.000546331
-5.649317e-08,-0.000596924
-5.639317e-08,-0.000628057
-5.629317e-08,-0.000868047
-5.619317e-08,-0.00115993
-5.609317e-08,-0.00110414
-5.599317e-08,-0.00108987
-5.589317e-08,-0.00111452
-5.579317e-08,-0.00123776
-5.569317e-08,-0.00144791
-5.559317e-08,-0.0015945
-5.549317e-08,-0.00176314
-5.539317e-08,-0.0022081
-5.529317e-08,-0.00264527
-5.519317e-08,-0.00276072
-5.509317e-08,-0.0030513
-5.499317e-08,-0.00330816
-5.489317e-08,-0.00326275
-5.479317e-08,-0.00338858
-5.469317e-08,-0.00389062
-5.459317e-08,-0.00443675
-5.449317e-08,-0.00490117
-5.439317e-08,-0.00540969
-5.429317e-08,-0.00618543
-5.419317e-08,-0.0068146
-5.409317e-08,-0.00705848
-5.399317e-08,-0.00781088
-5.389317e-08,-0.00864111
-5.379317e-08,-0.00918855
-5.369317e-08,-0.0100292
-5.359317e-08,-0.0104897
-5.349317e-08,-0.0106674
-5.339317e-08,-0.0113497
-5.329317e-08,-0.0120827
-5.319317e-08,-0.01297
-5.309317e-08,-0.0140662
-5.299317e-08,-0.0148834
-5.289317e-08,-0.0155372
-5.279317e-08,-0.0160548
-5.269317e-08,-0.0167969
-5.259317e-08,-0.0175856
-5.249317e-08,-0.0180266
-5.239317e-08,-0.0186493
-5.229317e-08,-0.0193784
-5.219317e-08,-0.01987
-5.209317e-08,-0.020337
-5.199317e-08,-0.0212723
-5.189317e-08,-0.0222414
-5.179317e-08,-0.0226941
-5.169317e-08,-0.0231469
-5.159317e-08,-0.0239654
-5.149317e-08,-0.0248553
-5.139317e-08,-0.0253716
-5.129317e-08,-0.025801
-5.119317e-08,-0.0263433
-5.109317e-08,-0.0265521
-5.099317e-08,-0.0267739
-5.089317e-08,-0.027468
-5.079317e-08,-0.0277663
-5.069317e-08,-0.0280478
-5.059317e-08,-0.0287042
-5.049317e-08,-0.0291492
-5.039317e-08,-0.0295033
-5.029317e-08,-0.0291258
-5.019317e-08,-0.0287107
-5.009317e-08,-0.0291414
-4.999317e-08,-0.0293918
-4.989317e-08,-0.0294527
-4.979317e-08,-0.0296733
-4.969317e-08,-0.0294138
-4.959317e-08,-0.0292322
-4.949317e-08,-0.0296564
-4.939317e-08,-0.0297368
-4.929317e-08,-0.0296149
-4.919317e-08,-0.0295422
-4.909317e-08,-0.0294605
-4.899317e-08,-0.0292361
-4.889317e-08,-0.0286731
-4.879317e-08,-0.0284461
-4.869317e-08,-0.0283812
-4.859317e-08,-0.0284357
-4.849317e-08,-0.0289715
-4.839317e-08,-0.0290999
-4.829317e-08,-0.0286627
-4.819317e-08,-0.0284681
-4.809317e-08,-0.0283695
-4.799317e-08,-0.0280245
-4.789317e-08,-0.027525
-4.779317e-08,-0.0271488
-4.769317e-08,-0.0271436
-4.759317e-08,-0.0273382
-4.749317e-08,-0.0270931
-4.739317e-08,-0.026495
-4.729317e-08,-0.0262991
-4.719317e-08,-0.02622
-4.709317e-08,-0.0260008
-4.699317e-08,-0.0261266
-4.689317e-08,-0.0263744
-4.679317e-08,-0.0262174
-4.669317e-08,-0.0261214
-4.659317e-08,-0.0263445
-4.649317e-08,-0.0262395
-4.639317e-08,-0.0261136
-4.629317e-08,-0.0260682
-4.619317e-08,-0.0255545
-4.609317e-08,-0.0249941
-4.599317e-08,-0.0250966
-4.589317e-08,-0.0255416
-4.579317e-08,-0.0254183
-4.569317e-08,-0.0252704
-4.559317e-08,-0.0253833
-4.549317e-08,-0.0253418
-4.539317e-08,-0.0253405
-4.529317e-08,-0.025216
-4.519317e-08,-0.0249993
-4.509317e-08,-0.0247204
-4.499317e-08,-0.0243442
-4.489317e-08,-0.0245816
-4.479317e-08,-0.0249344
-4.469317e-08,-0.0245608
-4.459317e-08,-0.0244246
-4.449317e-08,-0.0247087
-4.439317e-08,-0.0247087
-4.429317e-08,-0.0246581
-4.419317e-08,-0.024832
-4.409317e-08,-0.0247489
-4.399317e-08,-0.0240679
-4.389317e-08,-0.0233337
-4.379317e-08,-0.0231365
-4.369317e-08,-0.0234841
-4.359317e-08,-0.0238746
-4.349317e-08,-0.0240251
-4.339317e-08,-0.024029
-4.329317e-08,-0.023872
-4.319317e-08,-0.0236774
-4.309317e-08,-0.0238058
-4.299317e-08,-0.0237695
-4.289317e-08,-0.0232065
-4.279317e-08,-0.0229549
-4.269317e-08,-0.0229069
-4.259317e-08,-0.0229562
-4.249317e-08,-0.0230755
-4.239317e-08,-0.022589
-4.229317e-08,-0.0224035
-4.219317e-08,-0.0224541
-4.209317e-08,-0.0218885
-4.199317e-08,-0.0217536
-4.189317e-08,-0.022065
-4.179317e-08,-0.021908
-4.169317e-08,-0.0213826
-4.159317e-08,-0.0211374
-4.149317e-08,-0.0210726
-4.139317e-08,-0.0207184
-4.129317e-08,-0.0204927
-4.119317e-08,-0.0205342
-4.109317e-08,-0.0202644
-4.099317e-08,-0.0197001
-4.089317e-08,-0.0194873
-4.079317e-08,-0.0192733
-4.069317e-08,-0.0189879
-4.059317e-08,-0.0188945
-4.049317e-08,-0.0188478
-4.039317e-08,-0.0188802
-4.029317e-08,-0.0187336
-4.019317e-08,-0.0182485
-4.009317e-08,-0.0178347
-3.999317e-08,-0.0177127
-3.989317e-08,-0.0174195
-3.979317e-08,-0.0170291
-3.969317e-08,-0.0165906
-3.959317e-08,-0.0163221
-3.949317e-08,-0.016252
-3.939317e-08,-0.0159083
-3.929317e-08,-0.0155385
-3.919317e-08,-0.0152376
-3.909317e-08,-0.0148912
-3.899317e-08,-0.0145617
-3.889317e-08,-0.0140934
-3.879317e-08,-0.0135538
-3.869317e-08,-0.0133527
-3.859317e-08,-0.0135382
-3.849317e-08,-0.0134643
-3.839317e-08,-0.0130504
-3.829317e-08,-0.0130076
-3.819317e-08,-0.0129609
-3.809317e-08,-0.0127015
-3.799317e-08,-0.0122941
-3.789317e-08,-0.0114406
-3.779317e-08,-0.0111124
-3.769317e-08,-0.0114237
-3.759317e-08,-0.0111578
-3.749317e-08,-0.0104054
-3.739317e-08,-0.0101602
-3.729317e-08,-0.010408
-3.719317e-08,-0.0103016
-3.709317e-08,-0.010033
-3.699317e-08,-0.00992408
-3.689317e-08,-0.00974376
-3.679317e-08,-0.00957123
-3.669317e-08,-0.00927676
-3.659317e-08,-0.00876175
-3.649317e-08,-0.00852047
-3.639317e-08,-0.00858922
-3.629317e-08,-0.00844393
-3.619317e-08,-0.00822599
-3.609317e-08,-0.00822989
-3.599317e-08,-0.00825972
-3.589317e-08,-0.00782385
-3.579317e-08,-0.00735165
-3.569317e-08,-0.00725825
-3.559317e-08,-0.00709869
-3.549317e-08,-0.00677049
-3.539317e-08,-0.00641505
-3.529317e-08,-0.00623473
-3.519317e-08,-0.0061063
-3.509317e-08,-0.00619322
-3.499317e-08,-0.00630738
-3.489317e-08,-0.00581442
-3.479317e-08,-0.0056354
-3.469317e-08,-0.00595842
-3.459317e-08,-0.00608166
-3.449317e-08,-0.00623603
-3.439317e-08,-0.00614652
-3.429317e-08,-0.00588837
-3.419317e-08,-0.00562892
-3.409317e-08,-0.00538763
-3.399317e-08,-0.00527477
-3.389317e-08,-0.00509186
-3.379317e-08,-0.00519823
-3.369317e-08,-0.00531499
-3.359317e-08,-0.00522937
-3.349317e-08,-0.00539671
-3.339317e-08,-0.00560427
-3.329317e-08,-0.00560168
-3.319317e-08,-0.00557314
-3.309317e-08,-0.00559389
-3.299317e-08,-0.00531109
-3.289317e-08,-0.00489857
-3.279317e-08,-0.0048856
-3.269317e-08,-0.00509446
-3.259317e-08,-0.00511521
-3.249317e-08,-0.00520861
-3.239317e-08,-0.0050257
-3.229317e-08,-0.00468583
-3.219317e-08,-0.00503478
-3.209317e-08,-0.00518656
-3.199317e-08,-0.00503478
-3.189317e-08,-0.00510224
-3.179317e-08,-0.00509446
-3.169317e-08,-0.00508148
-3.159317e-08,-0.00495565
-3.149317e-08,-0.0046054
-3.139317e-08,-0.00453145
-3.129317e-08,-0.00476625
-3.119317e-08,-0.00492452
-3.109317e-08,-0.00480258
-3.099317e-08,-0.00443027
-3.089317e-08,-0.00464561
-3.079317e-08,-0.00501273
-3.069317e-08,-0.00477274
-3.059317e-08,-0.00456518
-3.049317e-08,-0.00458594
-3.039317e-08,-0.00487652
-3.029317e-08,-0.00472215
-3.019317e-08,-0.00405796
-3.009317e-08,-0.00416044
-2.999317e-08,-0.00449513
-2.989317e-08,-0.00442119
-2.979317e-08,-0.00441081
-2.969317e-08,-0.00443805
-2.959317e-08,-0.0045574
-2.949317e-08,-0.00449383
-2.939317e-08,-0.0042279
-2.929317e-08,-0.00424217
-2.919317e-08,-0.00400218
-2.909317e-08,-0.00356112
-2.899317e-08,-0.00369603
-2.889317e-08,-0.00411115
-2.879317e-08,-0.00413709
-2.869317e-08,-0.00405796
-2.859317e-08,-0.00396845
-2.849317e-08,-0.00388672
-2.839317e-08,-0.00435762
-2.829317e-08,-0.00468193
-2.819317e-08,-0.00415136
-2.809317e-08,-0.00355333
-2.799317e-08,-0.00354685
-2.789317e-08,-0.00377516
-2.779317e-08,-0.00378295
-2.769317e-08,-0.00374273
-2.759317e-08,-0.00390748
-2.749317e-08,-0.00396586
-2.739317e-08,-0.00376738
-2.729317e-08,-0.00372716
-2.719317e-08,-0.00378295
-2.709317e-08,-0.00347809
-2.699317e-08,-0.00334837
-2.689317e-08,-0.00361041
-2.679317e-08,-0.00362468
-2.669317e-08,-0.00370771
-2.659317e-08,-0.00381149
-2.649317e-08,-0.00346382
-2.639317e-08,-0.00335096
-2.629317e-08,-0.00361301
-2.619317e-08,-0.00348458
-2.609317e-08,-0.00322643
-2.599317e-08,-0.00325367
-2.589317e-08,-0.00327832
-2.579317e-08,-0.00325367
-2.569317e-08,-0.00326535
-2.559317e-08,-0.00285023
-2.549317e-08,-0.00250646
-2.539317e-08,-0.00303444
-2.529317e-08,-0.00322513
-2.519317e-08,-0.00274645
-2.509317e-08,-0.00270364
-2.499317e-08,-0.00295012
-2.489317e-08,-0.00309022
-2.479317e-08,-0.00311616
-2.469317e-08,-0.00280872
-2.459317e-08,-0.00282558
-2.449317e-08,-0.00301239
-2.439317e-08,-0.00262581
-2.429317e-08,-0.00237933
-2.419317e-08,-0.0024429
-2.409317e-08,-0.00271402
-2.399317e-08,-0.00311357
-2.389317e-08,-0.00313951
-2.379317e-08,-0.00264916
-2.369317e-08,-0.0026297
-2.359317e-08,-0.00314081
-2.349317e-08,-0.0030033
-2.339317e-08,-0.00270883
-2.329317e-08,-0.00276461
-2.319317e-08,-0.00277758
-2.309317e-08,-0.00261673
-2.299317e-08,-0.00242474
-2.289317e-08,-0.00241306
-2.279317e-08,-0.00244809
-2.269317e-08,-0.00242603
-2.259317e-08,-0.00284764
-2.249317e-08,-0.00319011
-2.239317e-08,-0.00307465
-2.229317e-08,-0.00308762
-2.219317e-08,-0.00310968
-2.209317e-08,-0.00295141
-2.199317e-08,-0.00275423
-2.189317e-08,-0.00288266
-2.179317e-08,-0.00298644
-2.169317e-08,-0.00276591
-2.159317e-08,-0.00231447
-2.149317e-08,-0.00217177
-2.139317e-08,-0.00259467
-2.129317e-08,-0.00266732
-2.119317e-08,-0.00268937
-2.109317e-08,-0.00309671
-2.099317e-08,-0.00315638
-2.089317e-08,-0.00291639
-2.079317e-08,-0.00290471
-2.069317e-08,-0.00309022
-2.059317e-08,-0.00326535
-2.049317e-08,-0.0030059
-2.039317e-08,-0.00283596
-2.029317e-08,-0.00311357
-2.019317e-08,-0.00299163
-2.009317e-08,-0.0027244
-1.999317e-08,-0.00289563
-1.989317e-08,-0.00326146
-1.979317e-08,-0.00345085
-1.969317e-08,-0.00357279
-1.959317e-08,-0.00321086
-1.949317e-08,-0.00227166
-1.939317e-08,-0.00199275
-1.929317e-08,-0.00270624
-1.919317e-08,-0.00318881
-1.909317e-08,-0.00281261
-1.899317e-08,-0.00266732
-1.889317e-08,-0.0029592
-1.879317e-08,-0.00309411
-1.869317e-08,-0.00324978
-1.859317e-08,-0.00343269
-1.849317e-08,-0.00344955
-1.839317e-08,-0.00341323
-1.829317e-08,-0.00329648
-1.819317e-08,-0.00308503
-1.809317e-08,-0.00321346
-1.799317e-08,-0.00331983
-1.789317e-08,-0.00323551
-1.779317e-08,-0.00326664
-1.769317e-08,-0.00326794
-1.759317e-08,-0.00325756
-1.749317e-08,-0.00340415
-1.739317e-08,-0.00346772
-1.729317e-08,-0.00340804
-1.719317e-08,-0.00343269
-1.709317e-08,-0.00315638
-1.699317e-08,-0.00287488
-1.689317e-08,-0.00293325
-1.679317e-08,-0.00308114
-1.669317e-08,-0.00298903
-1.659317e-08,-0.00273607
-1.649317e-08,-0.00288655
-1.639317e-08,-0.00298903
-1.629317e-08,-0.00290082
-1.619317e-08,-0.00307465
-1.609317e-08,-0.00314081
-1.599317e-08,-0.00293325
-1.589317e-08,-0.00303574
-1.579317e-08,-0.00315897
-1.569317e-08,-0.00265564
-1.559317e-08,-0.0022055
-1.549317e-08,-0.0022535
-1.539317e-08,-0.00228982
-1.529317e-08,-0.00211469
-1.519317e-08,-0.00178909
-1.509317e-08,-0.00184876
-1.499317e-08,-0.00228463
-1.489317e-08,-0.00245457
-1.479317e-08,-0.00243252
-1.469317e-08,-0.00242863
-1.459317e-08,-0.0021588
-1.449317e-08,-0.00174368
-1.439317e-08,-0.00172941
-1.429317e-08,-0.00180206
-1.419317e-08,-0.00175406
-1.409317e-08,-0.00176963
-1.399317e-08,-0.00163342
-1.389317e-08,-0.00142197
-1.379317e-08,-0.00169439
-1.369317e-08,-0.00200313
-1.359317e-08,-0.00178909
-1.349317e-08,-0.00171644
-1.339317e-08,-0.00180076
-1.329317e-08,-0.00162174
-1.319317e-08,-0.00156077
-1.309317e-08,-0.00162693
-1.299317e-08,-0.0015958
-1.289317e-08,-0.00159969
-1.279317e-08,-0.00160618
-1.269317e-08,-0.00160099
-1.259317e-08,-0.00160228
-1.249317e-08,-0.00160228
-1.239317e-08,-0.00173979
-1.229317e-08,-0.00194605
-1.219317e-08,-0.00195384
-1.209317e-08,-0.00178001
-1.199317e-08,-0.0015971
-1.189317e-08,-0.00144402
-1.179317e-08,-0.00127279
-1.169317e-08,-0.00138305
-1.159317e-08,-0.00149202
-1.149317e-08,-0.00141159
-1.139317e-08,-0.00157764
-1.129317e-08,-0.00164769
-1.119317e-08,-0.00171514
-1.109317e-08,-0.00195254
-1.099317e-08,-0.00181763
-1.089317e-08,-0.00156985
-1.079317e-08,-0.0014531
-1.069317e-08,-0.00127408
-1.059317e-08,-0.00151796
-1.049317e-08,-0.00183838
-1.039317e-08,-0.00162304
-1.029317e-08,-0.00168661
-1.019317e-08,-0.00197848
-1.009317e-08,-0.00222107
-9.993168e-09,-0.00246495
-9.893168e-09,-0.00202908
-9.793168e-09,-0.00152315
-9.693168e-09,-0.00159191
-9.593168e-09,-0.00176703
-9.493168e-09,-0.00192919
-9.393168e-09,-0.00168271
-9.293168e-09,-0.00136878
-9.193168e-09,-0.00158023
-9.093168e-09,-0.00165547
-8.993168e-09,-0.00156985
-8.893168e-09,-0.00161137
-8.793168e-09,-0.00160488
-8.693168e-09,-0.00159839
-8.593168e-09,-0.00146737
-8.493168e-09,-0.00139602
-8.393168e-09,-0.00145699
-8.293168e-09,-0.00101853
-8.193168e-09,-0.000677352
-8.093168e-09,-0.000935503
-7.993168e-09,-0.000984798
-7.893168e-09,-0.00131949
-7.793168e-09,-0.00184357
-7.693168e-09,-0.00165028
-7.593168e-09,-0.00139083
-7.493168e-09,-0.00143624
-7.393168e-09,-0.00158542
-7.293168e-09,-0.0013584
-7.193168e-09,-0.00103409
-7.093168e-09,-0.00124684
-6.993168e-09,-0.00118717
-6.893168e-09,-0.00116901
-6.793168e-09,-0.00161655
-6.693168e-09,-0.00166066
-6.593168e-09,-0.00128187
-6.493168e-09,-0.00106912
-6.393168e-09,-0.00124295
-6.293168e-09,-0.00145699
-6.193168e-09,-0.00144921
-6.093168e-09,-0.00142197
-5.993168e-09,-0.00158023
-5.893168e-09,-0.0016412
-5.793168e-09,-0.00158153
-5.693168e-09,-0.00160747
-5.593168e-09,-0.00119106
-5.493168e-09,-0.000843399
-5.393168e-09,-0.000961448
-5.293168e-09,-0.000947178
-5.193168e-09,-0.000925125
-5.093168e-09,-0.000945881
-4.993168e-09,-0.00107431
-4.893168e-09,-0.00128187
-4.793168e-09,-0.00129095
-4.693168e-09,-0.00111582
-4.593168e-09,-0.000656597
-4.493168e-09,-9.22971e-05
-4.393168e-09,-0.000320611
-4.293168e-09,-0.000705892
-4.193168e-09,-0.000726648
-4.093168e-09,-0.00107431
-3.993168e-09,-0.00117938
-3.893168e-09,-0.00105874
-3.793168e-09,-0.00125462
-3.693168e-09,-0.001313
-3.593168e-09,-0.000967934
-3.493168e-09,-0.00058914
-3.393168e-09,-0.000154565
-3.293168e-09,-1.83544e-05
-3.193168e-09,-0.000709783
-3.093168e-09,-0.00105874
-2.993168e-09,-0.000891397
-2.893168e-09,-0.0010795
-2.793168e-09,-0.00115603
-2.693168e-09,-0.00107431
-2.593168e-09,-0.00111193
-2.493168e-09,-0.000967934
-2.393168e-09,-0.0010315
-2.293168e-09,-0.00130392
-2.193168e-09,-0.00142327
-2.093168e-09,-0.00145699
-1.993168e-09,-0.00115085
-1.893168e-09,-0.00102631
-1.793168e-09,-0.00100815
-1.693168e-09,-0.000888803
-1.593168e-09,-0.00109117
-1.493168e-09,-0.00114695
-1.393168e-09,-0.00121441
-1.293168e-09,-0.00131819
-1.193168e-09,-0.00125073
-1.093168e-09,-0.00127149
-9.931679e-10,-0.00113787
-8.931679e-10,-0.000783726
-7.931679e-10,-0.000576168
-6.931679e-10,-0.000878425
-5.931679e-10,-0.00102761
-4.931679e-10,-0.00075389
-3.931679e-10,-0.00101723
-2.931679e-10,-0.00134932
-1.931679e-10,-0.00139602
-9.316788e-11,-0.00146478
6.832116e-12,-0.00142845
1.068321e-10,-0.00143364
2.068321e-10,-0.00116382
3.068321e-10,-0.00102112
4.068321e-10,-0.00114566
5.068321e-10,-0.000958854
6.068321e-10,-0.00075389
7.068321e-10,-0.000760376
8.068321e-10,-0.00106134
9.068321e-10,-0.00131689
1.006832e-09,-0.00113139
1.106832e-09,-0.000914747
1.206832e-09,-0.00092772
1.306832e-09,-0.00095107
1.406832e-09,-0.000794104
1.506832e-09,-0.000733134
1.606832e-09,-0.000792807
1.706832e-09,-0.000629355
1.806832e-09,-0.000563195
1.906832e-09,-0.000630652
2.006832e-09,-0.000600815
2.106832e-09,-0.000879722
2.206832e-09,-0.00102112
2.306832e-09,-0.000895289
2.406832e-09,-0.000945881
2.506832e-09,-0.000944584
2.606832e-09,-0.00106912
2.706832e-09,-0.00114825
2.806832e-09,-0.000944584
2.906832e-09,-0.000901775
3.006832e-09,-0.00109896
3.106832e-09,-0.000860263
3.206832e-09,-0.000257047
3.306832e-09,-0.000477577
3.406832e-09,-0.00115474
3.506832e-09,-0.000886208
3.606832e-09,-0.00077724
3.706832e-09,-0.00104188
3.806832e-09,-0.000769457
3.906832e-09,-0.00072535
4.006832e-09,-0.000669569
4.106832e-09,-0.000552817
4.206832e-09,-0.000764268
4.306832e-09,-0.000810968
4.406832e-09,-0.000746106
4.506832e-09,-0.000779834
4.606832e-09,-0.000497036
4.706832e-09,-0.000356934
4.806832e-09,-0.000620274
4.906832e-09,-0.000638435
5.006832e-09,-0.000578762
5.106832e-09,-0.000892694
5.206832e-09,-0.00129224
5.306832e-09,-0.0010315
5.406832e-09,-0.00055152
5.506832e-09,-0.000856372
5.606832e-09,-0.00104966
5.706832e-09,-0.000604707
5.806832e-09,-0.000674758
5.906832e-09,-0.000860263
6.006832e-09,-0.000871939
6.106832e-09,-0.00125722
6.206832e-09,-0.00106263
6.306832e-09,-0.000676055
6.406832e-09,-0.00106263
6.506832e-09,-0.00119884
6.606832e-09,-0.000909558
6.706832e-09,-0.000499631
6.806832e-09,-0.000207751
6.906832e-09,-0.000559304
7.006832e-09,-0.000696811
7.106832e-09,-0.000692919
7.206832e-09,-0.000962745
7.306832e-09,-0.00110025
7.406832e-09,-0.00125852
7.506832e-09,-0.00130133
7.606832e-09,-0.00125203
7.706832e-09,-0.00127538
7.806832e-09,-0.00113268
7.906832e-09,-0.000923828
8.006832e-09,-0.000919936
8.106832e-09,-0.000953665
8.206832e-09,-0.000931612
8.306832e-09,-0.000939395
8.406832e-09,-0.000939395
8.506832e-09,-0.00107561
8.606832e-09,-0.000868047
8.706832e-09,-0.000672164
8.806832e-09,-0.000816157
8.906832e-09,-0.000491847
9.006832e-09,-0.00021294
9.106832e-09,-0.000560601
9.206832e-09,-0.00110804
9.306832e-09,-0.00103669
9.406832e-09,-0.0011249
9.506832e-09,-0.00152445
9.606832e-09,-0.00115733
9.706832e-09,-0.00100166
9.806832e-09,-0.00130133
9.906832e-09,-0.00115603
1.000683e-08,-0.00076297
1.010683e-08,-0.000586546
1.020683e-08,-0.000600815
1.030683e-08,-0.0008901
1.040683e-08,-0.00115085
1.050683e-08,-0.000966637
1.060683e-08,-0.000747403
1.070683e-08,-0.000900478
1.080683e-08,-0.0014051
1.090683e-08,-0.00166715
1.100683e-08,-0.00158542
1.110683e-08,-0.00145959
1.120683e-08,-0.00112879
1.130683e-08,-0.000764268
1.140683e-08,-0.000593032
1.150683e-08,-0.000734431
1.160683e-08,-0.00109766
1.170683e-08,-0.00115863
1.180683e-08,-0.000930314
1.190683e-08,-0.000909558
1.200683e-08,-0.000960151
1.210683e-08,-0.000930314
1.220683e-08,-0.000938098
1.230683e-08,-0.0010782
1.240683e-08,-0.00127927
1.250683e-08,-0.00115214
1.260683e-08,-0.000772051
1.270683e-08,-0.000581357
1.280683e-08,-0.000464605
1.290683e-08,-0.000546331
1.300683e-08,-0.000660488
1.310683e-08,-0.000583951
1.320683e-08,-0.000883614
1.330683e-08,-0.000886208
1.340683e-08,-0.000548926
1.350683e-08,-0.000596924
1.360683e-08,-0.00049055
1.370683e-08,-0.000385473
1.380683e-08,-0.000464605
1.390683e-08,-0.000161051
1.400683e-08,-2.35434e-05
1.410683e-08,-0.00042958
1.420683e-08,-0.000648813
1.430683e-08,-0.000462011
1.440683e-08,-0.000118242
1.450683e-08,-0.000192185
1.460683e-08,-0.000485361
1.470683e-08,-0.000311531
1.480683e-08,-0.000215535
1.490683e-08,-0.000443849
1.500683e-08,-0.000334881
1.510683e-08,-0.000210346
1.520683e-08,-0.000164943
1.530683e-08,-6.5055e-05
1.540683e-08,-0.000535953
1.550683e-08,-0.000727945
1.560683e-08,-0.000539845
1.570683e-08,-0.000621571
1.580683e-08,-0.000474983
1.590683e-08,-0.000389365
1.600683e-08,-0.000465902
1.610683e-08,-0.000434769
1.620683e-08,-0.000437363
1.630683e-08,-0.000443849
1.640683e-08,-0.000437363
1.650683e-08,-0.000441255
1.660683e-08,-0.000439957
1.670683e-08,-0.000439957
1.680683e-08,-0.000439957
1.690683e-08,-0.000577465
1.700683e-08,-0.000646219
1.710683e-08,-0.000447741
1.720683e-08,-0.000403635
1.730683e-08,-0.000463308
1.740683e-08,-0.000570979
1.750683e-08,-0.000921234
1.760683e-08,-0.00113787
1.770683e-08,-0.00082913
1.780683e-08,-0.000545034
1.790683e-08,-0.000751295
1.800683e-08,-0.000960151
1.810683e-08,-0.000809671
1.820683e-08,-0.000720161
1.830683e-08,-0.00107431
1.840683e-08,-0.00117938
1.850683e-08,-0.00106004
1.860683e-08,-0.000978312
1.870683e-08,-0.000901775
1.880683e-08,-0.00108987
1.890683e-08,-0.00114436
1.900683e-08,-0.0010795
1.910683e-08,-0.00111193
1.920683e-08,-0.00110544
1.930683e-08,-0.000962745
1.940683e-08,-0.00103799
1.950683e-08,-0.00144013
1.960683e-08,-0.00135451
1.970683e-08,-0.000775943
1.980683e-08,-0.000548926
1.990683e-08,-0.000900478
2.000683e-08,-0.00143364
2.010683e-08,-0.00150888
2.020683e-08,-0.00124944
2.030683e-08,-0.00124554
2.040683e-08,-0.00143105
2.050683e-08,-0.00160358
2.060683e-08,-0.00134673
2.070683e-08,-0.000899181
2.080683e-08,-0.00104188
2.090683e-08,-0.00117809
2.100683e-08,-0.00106912
2.110683e-08,-0.00124814
2.120683e-08,-0.00131559
2.130683e-08,-0.00124425
2.140683e-08,-0.00113917
2.150683e-08,-0.000929017
2.160683e-08,-0.000914747
2.170683e-08,-0.00109506
2.180683e-08,-0.00127408
2.190683e-08,-0.00129095
2.200683e-08,-0.00125462
2.210683e-08,-0.00127538
2.220683e-08,-0.000993879
2.230683e-08,-0.000581357
2.240683e-08,-0.000705892
2.250683e-08,-0.000844696
2.260683e-08,-0.000462011
2.270683e-08,-0.000364718
2.280683e-08,-0.000349151
2.290683e-08,-0.000358231
2.300683e-08,-0.000773348
2.310683e-08,-0.000834319
2.320683e-08,-0.000865452
2.330683e-08,-0.000993879
2.340683e-08,-0.000779834
2.350683e-08,-0.000869344
2.360683e-08,-0.000727945
2.370683e-08,-8.32164e-05
2.380683e-08,-3.13268e-05
2.390683e-08,-3.00296e-05
2.400683e-08,-1.70572e-05
2.410683e-08,-0.000306342
2.420683e-08,-0.000295964
2.430683e-08,-0.000388068
2.440683e-08,-0.000630652
2.450683e-08,-0.000761673
2.460683e-08,-0.000794104
2.470683e-08,-0.000621571
2.480683e-08,-0.000430877
2.490683e-08,-0.000421796
2.500683e-08,-0.00031672
2.510683e-08,-0.000228507
2.520683e-08,-0.000432174
2.530683e-08,-0.00034007
2.540683e-08,-0.000485361
2.550683e-08,-0.00085248
2.560683e-08,-0.000768159
2.570683e-08,-0.000752592
2.580683e-08,-0.000648813
2.590683e-08,-0.000559304
2.600683e-08,-0.000350448
2.610683e-08,0.000222932
2.620683e-08,0.000583565
2.630683e-08,0.000578376
2.640683e-08,0.000259255
2.650683e-08,-0.000123431
2.660683e-08,-0.000148078
2.670683e-08,-0.000215535
2.680683e-08,-0.000186996
2.690683e-08,0.000228121
2.700683e-08,0.000145098
2.710683e-08,-0.000162348
2.720683e-08,-0.000111756
2.730683e-08,-9.09999e-05
2.740683e-08,-0.000119539
2.750683e-08,-0.00024148
2.760683e-08,-0.000312828
2.770683e-08,-0.000254452
2.780683e-08,-0.00041531
2.790683e-08,-0.000482766
2.800683e-08,-0.000416607
2.810683e-08,-0.000445146
2.820683e-08,-0.000442552
2.830683e-08,-0.000159754
2.840683e-08,-3.00296e-05
2.850683e-08,-0.000148078
2.860683e-08,-0.000100081
2.870683e-08,-0.00037769
2.880683e-08,-0.000526873
2.890683e-08,-0.000395851
2.900683e-08,-0.000724053
2.910683e-08,-0.00113398
2.920683e-08,-0.00113528
2.930683e-08,-0.000799293
2.940683e-08,-0.00056579
2.950683e-08,-0.000743512
2.960683e-08,-0.000958854
2.970683e-08,-0.000812265
2.980683e-08,-0.000442552
2.990683e-08,-0.000386771
3.000683e-08,-0.000613788
3.010683e-08,-0.000910856
3.020683e-08,-0.000996474
3.030683e-08,-0.000768159
3.040683e-08,-0.00073962
3.050683e-08,-0.000657894
3.060683e-08,-0.000556709
3.070683e-08,-0.00062676
3.080683e-08,-0.0004672
3.090683e-08,-0.000394554
3.100683e-08,-0.000464605
3.110683e-08,-0.000434769
3.120683e-08,-0.000713675
3.130683e-08,-0.000855074
3.140683e-08,-0.000591735
3.150683e-08,-0.000712378
3.160683e-08,-0.000975718
3.170683e-08,-0.00108469
3.180683e-08,-0.0012663
3.190683e-08,-0.00129873
3.200683e-08,-0.00111323
3.210683e-08,-0.000931612
3.220683e-08,-0.000918639
3.230683e-08,-0.00081486
3.240683e-08,-0.000726648
3.250683e-08,-0.000792807
3.260683e-08,-0.000631949
3.270683e-08,-0.000561898
3.280683e-08,-0.000630652
3.290683e-08,-0.000877127
3.300683e-08,-0.000877127
3.310683e-08,-0.000419202
3.320683e-08,-0.000661786
3.330683e-08,-0.0011716
3.340683e-08,-0.000711081
3.350683e-08,-0.00031672
3.360683e-08,-0.000616382
3.370683e-08,-0.000788915
3.380683e-08,-0.00105225
3.390683e-08,-0.00103928
3.400683e-08,-0.000585248
3.410683e-08,-0.00041531
3.420683e-08,-0.000442552
3.430683e-08,-0.000581357
3.440683e-08,-0.000918639
3.450683e-08,-0.000722756
3.460683e-08,-7.5433e-05
3.470683e-08,-3.91102e-05
3.480683e-08,-0.000441255
3.490683e-08,-0.000634544
3.500683e-08,-0.000330989
3.510683e-08,-4.94882e-05
3.520683e-08,-0.000251858
3.530683e-08,-0.000186996
3.540683e-08,-3.7813e-05
3.550683e-08,-0.000412715
3.560683e-08,-0.000380284
3.570683e-08,-4.81909e-05
3.580683e-08,-0.000101378
3.590683e-08,1.01849e-05
3.600683e-08,-2.61378e-05
3.610683e-08,-0.000310233
3.620683e-08,-0.000289478
3.630683e-08,-0.000253155
3.640683e-08,-0.000146781
3.650683e-08,-0.00020386
3.660683e-08,-0.000471091
3.670683e-08,-0.000319314
3.680683e-08,-0.00021294
3.690683e-08,-0.000442552
3.700683e-08,-0.000197374
3.710683e-08,0.00013472
3.720683e-08,-0.000364718
3.730683e-08,-0.000711081
3.740683e-08,-0.000572276
3.750683e-08,-0.000327098
3.760683e-08,-6.76495e-05
3.770683e-08,-0.000238885
3.780683e-08,-0.000329692
3.790683e-08,-0.000381582
3.800683e-08,-0.000624166
3.810683e-08,-0.000628057
3.820683e-08,-0.000446444
3.830683e-08,-0.000271316
3.840683e-08,2.31573e-05
3.850683e-08,0.000260552
3.860683e-08,0.000229419
3.870683e-08,-6.5055e-05
3.880683e-08,-0.000455524
3.890683e-08,-0.000481469
3.900683e-08,-0.000131214
3.910683e-08,9.71e-05
3.920683e-08,-0.000355637
3.930683e-08,-0.000568384
3.940683e-08,-0.000233696
3.950683e-08,-0.000247966
3.960683e-08,-0.000303747
3.970683e-08,-0.000397149
3.980683e-08,-0.000345259
3.990683e-08,-0.000215535
4.000683e-08,-0.000295964
4.010683e-08,-0.000273911
4.020683e-08,-0.000404932
4.030683e-08,-0.000485361
4.040683e-08,-0.000416607
4.050683e-08,-0.000443849
4.060683e-08,-0.000581357
4.070683e-08,-0.000779834
4.080683e-08,-0.000794104
4.090683e-08,-0.000616382
4.100683e-08,-0.000297261
4.110683e-08,-0.000214238
4.120683e-08,-0.000585248
4.130683e-08,-0.000676055
4.140683e-08,-0.000561898
4.150683e-08,-0.000756484
4.160683e-08,-0.00081486
4.170683e-08,-0.000746106
4.180683e-08,-0.000917342
4.190683e-08,-0.000979609
4.200683e-08,-0.000775943
4.210683e-08,-0.000599518
4.220683e-08,-0.000450335
4.230683e-08,-0.00055152
4.240683e-08,-0.000522981
4.250683e-08,-0.000100081
4.260683e-08,-0.000327098
4.270683e-08,-0.00083821
4.280683e-08,-0.000934206
4.290683e-08,-0.000944584
4.300683e-08,-0.000797996
4.310683e-08,-0.000593032
4.320683e-08,-0.000587843
4.330683e-08,-0.000484064
4.340683e-08,-0.000255749
4.350683e-08,-0.00039196
4.360683e-08,-0.000498333
4.370683e-08,-0.000411418
4.380683e-08,-0.000721459
4.390683e-08,-0.00113268
4.400683e-08,-0.00113787
4.410683e-08,-0.000797996
4.420683e-08,-0.000704595
4.430683e-08,-0.000810968
4.440683e-08,-0.000485361
4.450683e-08,-0.000356934
4.460683e-08,-0.000624166
4.470683e-08,-0.000634544
4.480683e-08,-0.000581357
4.490683e-08,-0.000617679
4.500683e-08,-0.000604707
4.510683e-08,-0.00060341
4.520683e-08,-0.000469794
4.530683e-08,-0.000399743
4.540683e-08,-0.000598221
4.550683e-08,-0.000642327
4.560683e-08,-0.000582654
4.570683e-08,-0.000613788
4.580683e-08,-0.000607301
4.590683e-08,-0.00060341
4.600683e-08,-0.000746106
4.610683e-08,-0.000949773
4.620683e-08,-0.000820049
4.630683e-08,-0.000577465
4.640683e-08,-0.000593032
4.650683e-08,-0.000621571
4.660683e-08,-0.000596924
4.670683e-08,-0.000608599
4.680683e-08,-0.000607301
4.690683e-08,-0.0004672
4.700683e-08,-0.00040104
4.710683e-08,-0.000598221
4.720683e-08,-0.000503522
4.730683e-08,-0.000376393
4.740683e-08,-0.000606004
4.750683e-08,-0.000643624
4.760683e-08,-0.000441255
4.770683e-08,-0.000410121
4.780683e-08,-0.000737026
4.790683e-08,-0.000844696
4.800683e-08,-0.000591735
4.810683e-08,-0.00085248
4.820683e-08,-0.00090437
4.830683e-08,-0.000404932
4.840683e-08,-0.000526873
4.850683e-08,-0.000691622
4.860683e-08,-0.00056579
4.870683e-08,-0.000611193
4.880683e-08,-0.000474983
4.890683e-08,-0.000393257
4.900683e-08,-0.00073962
4.910683e-08,-0.000847291
4.920683e-08,-0.000727945
4.930683e-08,-0.000783726
4.940683e-08,-0.000499631
4.950683e-08,-0.00035434
4.960683e-08,-0.000484064
4.970683e-08,-0.000430877
4.980683e-08,-0.000709783
4.990683e-08,-0.000997771
5.000683e-08,-0.000932909
5.010683e-08,-0.000926423
5.020683e-08,-0.00108598
5.030683e-08,-0.00127797
5.040683e-08,-0.00101334
5.050683e-08,-0.000290775
5.060683e-08,-2.35434e-05
5.070683e-08,-0.000417904
5.080683e-08,-0.000655299
5.090683e-08,-0.000874533
5.100683e-08,-0.00101204
5.110683e-08,-0.000628057
5.120683e-08,-0.000530764
5.130683e-08,-0.00037769
5.140683e-08,-4.17047e-05
5.150683e-08,-0.000381582
5.160683e-08,-0.000538548
5.170683e-08,-0.000524278
5.180683e-08,-0.00107301
5.190683e-08,-0.00107171
5.200683e-08,-0.000695514
5.210683e-08,-0.00104707
5.220683e-08,-0.00120403
5.230683e-08,-0.000772051
5.240683e-08,-0.000153267
5.250683e-08,-0.000132512
5.260683e-08,-0.000655299
5.270683e-08,-0.000787618
5.280683e-08,-0.000906964
5.290683e-08,-0.000702
5.300683e-08,-0.000229805
5.310683e-08,-0.000238885
5.320683e-08,-0.000447741
5.330683e-08,-0.000463308
5.340683e-08,-0.000284289
5.350683e-08,-0.000240182
5.360683e-08,-0.000570979
5.370683e-08,-0.000679947
5.380683e-08,-0.000564493
5.390683e-08,-0.00075389
5.400683e-08,-0.000402338
5.410683e-08,0.00014899
5.420683e-08,-0.000206454
5.430683e-08,-0.000385473
5.440683e-08,-7.5433e-05
5.450683e-08,-0.000358231
5.460683e-08,-0.000961448
5.470683e-08,-0.000865452
5.480683e-08,-0.000267425
5.490683e-08,-5.59744e-05
5.500683e-08,-0.000124728
5.510683e-08,-0.000107864
5.520683e-08,-0.00024148
5.530683e-08,-0.000455524
5.540683e-08,-0.000595626
5.550683e-08,-0.000491847
5.560683e-08,-0.000386771
5.570683e-08,-0.000600815
5.580683e-08,-0.000781132
5.590683e-08,-0.000923828
5.600683e-08,-0.00055152
5.610683e-08,0.000110072
5.620683e-08,-2.48406e-05
5.630683e-08,-0.000613788
5.640683e-08,-0.000682541
5.650683e-08,-0.000414013
5.660683e-08,-0.000417904
5.670683e-08,-0.000324503
5.680683e-08,5.29938e-05
5.690683e-08,0.000252769
5.700683e-08,-0.000188293
5.710683e-08,-0.000677352
5.720683e-08,-0.000481469
5.730683e-08,-0.000372501
5.740683e-08,-0.000615085
5.750683e-08,-0.000774645
5.760683e-08,-0.000925125
5.770683e-08,-0.00082913
5.780683e-08,-0.000163645
5.790683e-08,2.7049e-05
5.800683e-08,-0.000600815
5.810683e-08,-0.000705892
5.820683e-08,-0.000123431
5.830683e-08,0.000126937
5.840683e-08,-0.000102675
5.850683e-08,-0.000286883
5.860683e-08,-0.000424391
5.870683e-08,-0.000468497
5.880683e-08,-0.000561898
5.890683e-08,-0.000648813
5.900683e-08,-0.00072535
5.910683e-08,-0.000813563
5.920683e-08,-0.000341367
5.930683e-08,-0.000153267
5.940683e-08,-0.000477577
5.950683e-08,-0.000327098
5.960683e-08,-0.000343962
5.970683e-08,-0.000790212
5.980683e-08,-0.000825238
5.990683e-08,-0.000730539
6.000683e-08,-0.000787618
6.010683e-08,-0.000772051
6.020683e-08,-0.000766862
6.030683e-08,-0.000637138
6.040683e-08,-0.000564493
6.050683e-08,-0.00062676
6.060683e-08,-0.000602113
6.070683e-08,-0.000740917
6.080683e-08,-0.00081486
6.090683e-08,-0.000611193
6.100683e-08,-0.000570979
6.110683e-08,-0.000766862
6.120683e-08,-0.000804482
6.130683e-08,-0.00061249
6.140683e-08,-0.000572276
6.150683e-08,-0.000628057
6.160683e-08,-0.000599518
6.170683e-08,-0.000743512
6.180683e-08,-0.000952367
6.190683e-08,-0.000817454
6.200683e-08,-0.000578762
6.210683e-08,-0.000593032
6.220683e-08,-0.000484064
6.230683e-08,-0.000668272
6.240683e-08,-0.00101204
6.250683e-08,-0.000659191
6.260683e-08,-0.000647516
6.270683e-08,-0.00100426
6.280683e-08,-0.000805779
6.290683e-08,-0.000848588
6.300683e-08,-0.00115085
6.310683e-08,-0.000977015
6.320683e-08,-0.00073962
6.330683e-08,-0.000901775
6.340683e-08,-0.000991285
6.350683e-08,-0.000909558
6.360683e-08,-0.00108209
6.370683e-08,-0.00100945
6.380683e-08,-0.000596924
6.390683e-08,-0.00041531
6.400683e-08,-0.000577465
6.410683e-08,-0.0005139
6.420683e-08,-0.000237588
6.430683e-08,-0.000397149
6.440683e-08,-0.000362123
6.450683e-08,-0.000202563
6.460683e-08,-0.00043866
6.470683e-08,-0.000617679
6.480683e-08,-0.000617679
6.490683e-08,-0.000595626
6.500683e-08,-0.000609896
6.510683e-08,-0.000468497
6.520683e-08,-0.000535953
6.530683e-08,-0.000666975
6.540683e-08,-0.000167537
6.550683e-08,1.14821e-05
6.560683e-08,-0.00058914
6.570683e-08,-0.000570979
6.580683e-08,-0.000332287
6.590683e-08,-0.000618977
6.600683e-08,-0.000644921
6.610683e-08,-0.000573573
6.620683e-08,-0.000618977
6.630683e-08,-0.0004672
6.640683e-08,-0.000259641
6.650683e-08,-0.000257047
6.660683e-08,-0.00015197
6.670683e-08,-6.11633e-05
6.680683e-08,-0.000266127
6.690683e-08,-0.000450335
6.700683e-08,-0.00031672
6.710683e-08,-8.45136e-05
6.720683e-08,-0.000231102
6.730683e-08,-0.000468497
6.740683e-08,-0.000451633
6.750683e-08,-0.000149376
6.760683e-08,-3.65158e-05
6.770683e-08,-0.000284289
6.780683e-08,-2.87323e-05
6.790683e-08,0.000163259
6.800683e-08,-0.000131214
6.810683e-08,-0.000138998
6.820683e-08,-7.93247e-05
6.830683e-08,-0.000120836
6.840683e-08,-0.000106567
6.850683e-08,-0.000105269
6.860683e-08,2.83463e-05
6.870683e-08,9.83972e-05
6.880683e-08,0.000176232
6.890683e-08,0.000405843
6.900683e-08,0.000274822
6.910683e-08,2.57518e-05
6.920683e-08,4.78049e-05
6.930683e-08,0.000211257
6.940683e-08,0.000117856
6.950683e-08,-0.000414013
6.960683e-08,-0.000534656
6.970683e-08,-0.000242777
6.980683e-08,-0.000389365
6.990683e-08,-0.000503522
7.000683e-08,-0.000546331
7.010683e-08,-0.000788915
7.020683e-08,-0.000796699
7.030683e-08,-0.000749998
7.040683e-08,-0.000781132
7.050683e-08,-0.000633246
7.060683e-08,-0.000702
7.070683e-08,-0.000833021
7.080683e-08,-0.000609896
7.090683e-08,-0.000704595
7.100683e-08,-0.000977015
7.110683e-08,-0.00108598
7.120683e-08,-0.0011262
7.130683e-08,-0.000956259
7.140683e-08,-0.000899181
7.150683e-08,-0.000960151
7.160683e-08,-0.000794104
7.170683e-08,-0.000593032
7.180683e-08,-0.000727945
7.190683e-08,-0.000964043
7.200683e-08,-0.00095107
7.210683e-08,-0.00106004
7.220683e-08,-0.00115214
7.230683e-08,-0.000805779
7.240683e-08,-0.000419202
7.250683e-08,-0.000404932
7.260683e-08,-0.000607301
7.270683e-08,-0.000634544
7.280683e-08,-0.000724053
7.290683e-08,-0.00109506
7.300683e-08,-0.00116382
7.310683e-08,-0.000926423
7.320683e-08,-0.000910856
7.330683e-08,-0.00109766
7.340683e-08,-0.00141029
7.350683e-08,-0.00163342
7.360683e-08,-0.00174498
7.370683e-08,-0.00165807
7.380683e-08,-0.00127279
7.390683e-08,-0.00121182
7.400683e-08,-0.00130911
7.410683e-08,-0.00125722
7.420683e-08,-0.00126889
7.430683e-08,-0.00127538
7.440683e-08,-0.000991285
7.450683e-08,-0.000860263
7.460683e-08,-0.00139213
7.470683e-08,-0.0015491
7.480683e-08,-0.000954962
7.490683e-08,-0.000836913
7.500683e-08,-0.00114176
7.510683e-08,-0.000984798
7.520683e-08,-0.000460713
7.530683e-08,-0.000215535
7.540683e-08,-0.000564493
7.550683e-08,-0.000827832
7.560683e-08,-0.000625463
7.570683e-08,-0.000696811
7.580683e-08,-0.000978312
7.590683e-08,-0.000673461
7.600683e-08,-0.000646219
7.610683e-08,-0.00113917
7.620683e-08,-0.00101463
7.630683e-08,-0.00071627
7.640683e-08,-0.000633246
7.650683e-08,-0.000580059
7.660683e-08,-0.000615085
7.670683e-08,-0.000744809
7.680683e-08,-0.000947178
7.690683e-08,-0.000683839
7.700683e-08,-0.000369907
7.710683e-08,-0.000310233
7.720683e-08,-0.000109161
7.730683e-08,6.07773e-05
7.740683e-08,-6.24606e-05
7.750683e-08,-2.22461e-05
7.760683e-08,0.000260552
7.770683e-08,-3.52185e-05
7.780683e-08,-0.000485361
7.790683e-08,-0.0004672
7.800683e-08,-0.000271316
7.810683e-08,-0.000386771
7.820683e-08,-0.000635841
7.830683e-08,-0.000481469
7.840683e-08,-0.000245371
7.850683e-08,-0.000263533
7.860683e-08,-0.000149376
7.870683e-08,-5.98661e-05
7.880683e-08,7.59041e-06
7.890683e-08,0.000100992
7.900683e-08,-9.61888e-05
7.910683e-08,-0.000148078
7.920683e-08,-0.000220724
7.930683e-08,-0.000459416
7.940683e-08,-0.000323206
7.950683e-08,0.000199582
7.960683e-08,0.000590051
7.970683e-08,0.000303361
7.980683e-08,-1.83544e-05
7.990683e-08,0.000208663
8.000683e-08,-1.49027e-06
8.010683e-08,-0.000358231
8.020683e-08,-0.000126025
8.030683e-08,8.41276e-05
8.040683e-08,6.33717e-05
8.050683e-08,0.00018661
8.060683e-08,0.000408438
8.070683e-08,0.00027093
8.080683e-08,-0.000109161
8.090683e-08,-0.000297261
8.100683e-08,-0.000140295
8.110683e-08,-0.000197374
8.120683e-08,-0.00047628
8.130683e-08,-0.000454227
8.140683e-08,-0.000419202
8.150683e-08,-0.00017532
8.160683e-08,-2.48406e-05
8.170683e-08,-0.000423093
8.180683e-08,-0.000375095
8.190683e-08,-0.000186996
8.200683e-08,-0.000585248
8.210683e-08,-0.000822643
8.220683e-08,-0.00103799
8.230683e-08,-0.00104058
8.240683e-08,-0.000587843
8.250683e-08,-0.000412715
8.260683e-08,-0.000443849
8.270683e-08,-0.000581357
8.280683e-08,-0.000642327
8.290683e-08,-0.000449038
8.300683e-08,-0.000403635
8.310683e-08,-0.00073962
8.320683e-08,-0.00112101
8.330683e-08,-0.00128057
8.340683e-08,-0.00114176
8.350683e-08,-0.000917342
8.360683e-08,-0.000783726
8.370683e-08,-0.000611193
8.380683e-08,-0.000578762
8.390683e-08,-0.000761673
8.400683e-08,-0.000944584
8.410683e-08,-0.000818752
8.420683e-08,-0.000580059
8.430683e-08,-0.000591735
8.440683e-08,-0.000760376
8.450683e-08,-0.000803185
8.460683e-08,-0.000615085
8.470683e-08,-0.000570979
8.480683e-08,-0.000628057
8.490683e-08,-0.000737026
8.500683e-08,-0.000672164
8.510683e-08,-0.000411418
8.520683e-08,-0.000560601
8.530683e-08,-0.000666975
8.540683e-08,-0.000713675
8.550683e-08,-0.00109377
8.560683e-08,-0.0010289
8.570683e-08,-0.000580059
8.580683e-08,-0.000559304
8.590683e-08,-0.000644921
8.600683e-08,-0.000451633
8.610683e-08,-0.00040104
8.620683e-08,-0.000464605
8.630683e-08,-0.000433471
8.640683e-08,-0.000576168
8.650683e-08,-0.000511306
8.660683e-08,-0.000240182
8.670683e-08,-0.000397149
8.680683e-08,-0.000360826
8.690683e-08,-0.000341367
8.700683e-08,-0.000782429
8.710683e-08,-0.000694217
8.720683e-08,-0.000245371
8.730683e-08,-0.000231102
8.740683e-08,-0.000449038
8.750683e-08,-0.000464605
8.760683e-08,-0.000420499
8.770683e-08,-0.000447741
8.780683e-08,-0.000163645
8.790683e-08,0.000112667
8.800683e-08,-0.000220724
8.810683e-08,-0.000503522
8.820683e-08,-0.000290775
8.830683e-08,5.03993e-05
8.840683e-08,-3.00296e-05
8.850683e-08,-0.000179212
8.860683e-08,5.948e-05
8.870683e-08,-4.17047e-05
8.880683e-08,-0.000314125
8.890683e-08,-0.000420499
8.900683e-08,-0.000186996
8.910683e-08,0.000257958
8.920683e-08,-1.31654e-05
8.930683e-08,-0.000498333
8.940683e-08,-0.000186996
8.950683e-08,0.000416221
8.960683e-08,0.000452544
8.970683e-08,-7.41357e-05
8.980683e-08,-0.000207751
8.990683e-08,0.000228121
9.000683e-08,0.000287794
9.010683e-08,0.000178826
9.020683e-08,0.000239796
9.030683e-08,-5.20826e-05
9.040683e-08,-0.000607301
9.050683e-08,-0.000681244
9.060683e-08,-0.000691622
9.070683e-08,-0.00082913
9.080683e-08,-0.000477577
9.090683e-08,-0.000356934
9.100683e-08,-0.000350448
9.110683e-08,-8.32164e-05
9.120683e-08,-0.000222021
9.130683e-08,-0.000337476
9.140683e-08,-0.000105269
9.150683e-08,-0.000211643
9.160683e-08,-0.000615085
9.170683e-08,-0.000656597
9.180683e-08,-0.000292072
9.190683e-08,-0.000207751
9.200683e-08,-0.000315422
9.210683e-08,-0.000123431
9.220683e-08,-0.000202563
9.230683e-08,-0.000477577
9.240683e-08,-0.000451633
9.250683e-08,-0.000421796
9.260683e-08,-0.000312828
9.270683e-08,-0.000231102
9.280683e-08,-0.000569682
9.290683e-08,-0.000683839
9.300683e-08,-0.000561898
9.310683e-08,-0.000616382
9.320683e-08,-0.000472388
9.330683e-08,-0.000255749
9.340683e-08,1.79683e-05
9.350683e-08,0.000123045
9.360683e-08,-0.000389365
9.370683e-08,-0.000690325
9.380683e-08,-0.000580059
9.390683e-08,-0.00060341
9.400683e-08,-0.00034007
9.410683e-08,-0.0003258
9.420683e-08,-0.000660488
9.430683e-08,-0.000342664
9.440683e-08,0.000104883
9.450683e-08,-5.46771e-05
9.460683e-08,-0.000590437
9.470683e-08,-0.000691622
9.480683e-08,-0.000412715
9.490683e-08,-0.000416607
9.500683e-08,-0.000463308
9.510683e-08,-0.000290775
9.520683e-08,-0.000373798
9.530683e-08,-0.000639732
9.540683e-08,-0.000481469
9.550683e-08,-0.000519089
9.560683e-08,-0.00081486
9.570683e-08,-0.000510008
9.580683e-08,-0.000201265
9.590683e-08,-0.000424391
9.600683e-08,-0.000351745
9.610683e-08,-6.5055e-05
9.620683e-08,0.000178826
9.630683e-08,0.0002852
9.640683e-08,5.68855e-05
9.650683e-08,2.18601e-05
9.660683e-08,-0.000192185
9.670683e-08,-0.00036342
9.680683e-08,-9.48916e-05
9.690683e-08,-0.000211643
9.700683e-08,-0.000480172
9.710683e-08,-0.000585248
9.720683e-08,-0.000491847
9.730683e-08,2.57518e-05
9.740683e-08,0.000156773
9.750683e-08,-1.49027e-06
9.760683e-08,-0.000201265
9.770683e-08,-0.000486658
9.780683e-08,-0.000447741
9.790683e-08,-0.000698108
9.800683e-08,-0.000587843
9.810683e-08,-3.91102e-05
9.820683e-08,-7.67302e-05
9.830683e-08,-0.000424391
9.840683e-08,-0.000912153
9.850683e-08,-0.000746106
9.860683e-08,-6.11633e-05
9.870683e-08,9.45055e-05
9.880683e-08,-0.000234994
9.890683e-08,-0.000349151
9.900683e-08,-0.000232399
9.910683e-08,-0.000559304
9.920683e-08,-0.00041531
9.930683e-08,-0.000284289
9.940683e-08,-0.000945881
9.950683e-08,-0.000896586
9.960683e-08,-0.000246669
9.970683e-08,-0.000199968
9.980683e-08,-0.000607301
9.990683e-08,-0.000801888
1.000068e-07,-0.000908261
1.001068e-07,-0.000834319
1.002068e-07,-0.00071627
1.003068e-07,-0.00107042
1.004068e-07,-0.000906964
1.005068e-07,-0.000369907
1.006068e-07,-0.000136403
1.007068e-07,-6.5055e-05
1.008068e-07,-0.00012862
1.009068e-07,3.2238e-05
1.010068e-07,-0.000174023
1.011068e-07,-0.000516495
1.012068e-07,-0.000294667
1.013068e-07,-8.19192e-05
1.014068e-07,-0.000240182
1.015068e-07,-0.000324503
1.016068e-07,-0.000247966
1.017068e-07,-0.0002791
1.018068e-07,-1.49027e-06
1.019068e-07,0.000142503
1.020068e-07,-0.000260938
1.021068e-07,-0.000484064
1.022068e-07,-0.000433471
1.023068e-07,-0.000295964
1.024068e-07,-0.000101378
1.025068e-07,-0.000223318
1.026068e-07,-0.000468497
1.027068e-07,-0.00045293
1.028068e-07,-0.000423093
1.029068e-07,-0.000310233
1.030068e-07,-0.000369907
1.031068e-07,-0.000637138
1.032068e-07,-0.000485361
1.033068e-07,-0.00024148
1.034068e-07,-0.000127323
1.035068e-07,-8.19192e-05
1.036068e-07,-0.000120836
1.037068e-07,-0.000106567
1.038068e-07,-0.000381582
1.039068e-07,-0.000660488
1.040068e-07,-0.000328395
1.041068e-07,-4.42992e-05
1.042068e-07,-0.000394554
1.043068e-07,-0.000666975
1.044068e-07,-0.000458119
1.045068e-07,-0.00039196
1.046068e-07,-0.000330989
1.047068e-07,-8.71081e-05
1.048068e-07,5.16966e-05
1.049068e-07,-6.11633e-05
1.050068e-07,-0.000158456
1.051068e-07,-8.45136e-05
1.052068e-07,-0.000524278
