LECROYWaveRunner„U,21892,Waveform
Segments,1,SegmentSize,2002
Segment,TrigTime,TimeSinceSegment1
#1,15-Jun-2021 15:24:40,0                 
Time,Ampl
-9.488417e-08,9.11833e-05
-9.478417e-08,0.000377873
-9.468417e-08,0.000621755
-9.458417e-08,0.000310417
-9.448417e-08,0.00015864
-9.438417e-08,0.000161234
-9.428417e-08,-0.00024091
-9.418417e-08,0.000100264
-9.408417e-08,0.000415493
-9.398417e-08,-0.000239613
-9.388417e-08,-0.000218857
-9.378417e-08,0.000171612
-9.368417e-08,7.95082e-05
-9.358417e-08,0.000341551
-9.348417e-08,0.000787801
-9.338417e-08,0.000643808
-9.328417e-08,0.000372684
-9.318417e-08,0.000411602
-9.308417e-08,0.000293553
-9.298417e-08,6.2644e-05
-9.288417e-08,-6.96745e-05
-9.278417e-08,-0.000379715
-9.268417e-08,-0.0004809
-9.258417e-08,-0.000237018
-9.248417e-08,-7.87551e-05
-9.238417e-08,7.3022e-05
-9.228417e-08,0.000114534
-9.218417e-08,0.00020534
-9.208417e-08,0.000157343
-9.198417e-08,2.63213e-05
-9.188417e-08,0.00010675
-9.178417e-08,-5.28103e-05
-9.168417e-08,-0.000266855
-9.158417e-08,-0.000537978
-9.148417e-08,-0.000644352
-9.138417e-08,-0.000406957
-9.128417e-08,-0.000379715
-9.118417e-08,-0.000161779
-9.108417e-08,0.000284472
-9.098417e-08,0.000289661
-9.088417e-08,0.000353226
-9.078417e-08,0.000472572
-9.068417e-08,0.000394738
-9.058417e-08,2.97099e-06
-9.048417e-08,-0.000470522
-9.038417e-08,-0.000436793
-9.028417e-08,-0.000657324
-9.018417e-08,-0.00084283
-9.008417e-08,-0.000562626
-8.998417e-08,-0.000545762
-8.988417e-08,-0.000469224
-8.978417e-08,-0.000222749
-8.968417e-08,-0.000229235
-8.958417e-08,9.45719e-06
-8.948417e-08,0.000311714
-8.938417e-08,0.000110642
-8.928417e-08,-0.000246099
-8.918417e-08,-0.000434199
-8.908417e-08,-0.000421227
-8.898417e-08,-0.000403065
-8.888417e-08,-0.00014232
-8.878417e-08,3.76511e-07
-8.868417e-08,-0.000121564
-8.858417e-08,0.000201449
-8.848417e-08,0.000198854
-8.838417e-08,-3.51521e-06
-8.828417e-08,0.000115831
-8.818417e-08,0.000223502
-8.808417e-08,0.00028058
-8.798417e-08,-0.000176048
-8.788417e-08,-0.00050425
-8.778417e-08,-0.000251288
-8.768417e-08,7.43192e-05
-8.758417e-08,0.0002715
-8.748417e-08,0.000537434
-8.738417e-08,0.000650294
-8.728417e-08,0.000686617
-8.718417e-08,0.0010706
-8.708417e-08,0.000869528
-8.698417e-08,0.000488139
-8.688417e-08,0.000320795
-8.678417e-08,-0.000229235
-8.668417e-08,-0.000342095
-8.658417e-08,-0.000186426
-8.648417e-08,-0.000404362
-8.638417e-08,-0.000456252
-8.628417e-08,-0.000247396
-8.618417e-08,-7.74579e-05
-8.608417e-08,0.000213124
-8.598417e-08,0.000593215
-8.588417e-08,0.000626944
-8.578417e-08,0.000411602
-8.568417e-08,0.000113236
-8.558417e-08,-0.000249991
-8.548417e-08,-0.000294097
-8.538417e-08,-0.000352473
-8.528417e-08,-0.000189021
-8.518417e-08,0.000156045
-8.508417e-08,-0.000329123
-8.498417e-08,-0.000275936
-8.488417e-08,0.000350631
-8.478417e-08,0.00013529
-8.468417e-08,0.000141776
-8.458417e-08,0.000197557
-8.448417e-08,1.33489e-05
-8.438417e-08,0.000241663
-8.428417e-08,1.98351e-05
-8.418417e-08,-5.28103e-05
-8.408417e-08,0.000175504
-8.398417e-08,-8.00524e-05
-8.388417e-08,0.000287067
-8.378417e-08,0.00084488
-8.368417e-08,0.000617863
-8.358417e-08,0.000514084
-8.348417e-08,0.000760559
-8.338417e-08,0.000778721
-8.328417e-08,0.000724237
-8.318417e-08,0.000620457
-8.308417e-08,0.000128803
-8.298417e-08,-0.000294097
-8.288417e-08,-0.000268152
-8.278417e-08,-0.000221452
-8.268417e-08,-0.000122861
-8.258417e-08,9.89668e-05
-8.248417e-08,0.000244258
-8.238417e-08,0.000686617
-8.228417e-08,0.00113287
-8.218417e-08,0.000964226
-8.208417e-08,0.000571162
-8.198417e-08,0.000261122
-8.188417e-08,-7.09717e-05
-8.178417e-08,-0.000270747
-8.168417e-08,-0.000392687
-8.158417e-08,-0.000441982
-8.148417e-08,-0.000260369
-8.138417e-08,-7.09717e-05
-8.128417e-08,-6.31883e-05
-8.118417e-08,4.31854e-05
-8.108417e-08,0.000267608
-8.098417e-08,-6.10969e-06
-8.088417e-08,-0.000317447
-8.078417e-08,-0.000238316
-8.068417e-08,-0.000373229
-8.058417e-08,-0.000465333
-8.048417e-08,-0.000387498
-8.038417e-08,-0.000418632
-8.028417e-08,-0.000417335
-8.018417e-08,-0.000684566
-8.008417e-08,-0.000688458
-7.998417e-08,-8.39441e-05
-7.988417e-08,1.07544e-05
-7.978417e-08,-0.000282422
-7.968417e-08,-0.00012805
-7.958417e-08,-0.000295394
-7.948417e-08,-0.000662513
-7.938417e-08,-0.000296692
-7.928417e-08,-0.000287611
-7.918417e-08,-0.000509439
-7.908417e-08,-0.00024091
-7.898417e-08,-0.000205885
-7.888417e-08,-0.000417335
-7.878417e-08,-0.000303178
-7.868417e-08,-4.89186e-05
-7.858417e-08,6.91302e-05
-7.848417e-08,0.00010675
-7.838417e-08,-6.44855e-05
-7.828417e-08,-0.000120267
-7.818417e-08,-0.000196804
-7.808417e-08,-0.000431605
-7.798417e-08,-0.000573004
-7.788417e-08,-0.000461441
-7.778417e-08,-0.000224046
-7.768417e-08,-0.000230532
-7.758417e-08,1.07544e-05
-7.748417e-08,0.000449222
-7.738417e-08,0.000454411
-7.728417e-08,0.000244258
-7.718417e-08,-5.02159e-05
-7.708417e-08,-0.00055614
-7.698417e-08,-0.00094142
-7.688417e-08,-0.000937528
-7.678417e-08,-0.000471819
-7.668417e-08,-2.946e-05
-7.658417e-08,-0.000199398
-7.648417e-08,-0.000313556
-7.638417e-08,-7.48634e-05
-7.628417e-08,8.98861e-05
-7.618417e-08,9.89668e-05
-7.608417e-08,-6.44855e-05
-7.598417e-08,-0.000117672
-7.588417e-08,7.69137e-05
-7.578417e-08,-1.90821e-05
-7.568417e-08,-0.000419929
-7.558417e-08,-0.00046663
-7.548417e-08,-0.000237018
-7.538417e-08,-0.000221452
-7.528417e-08,-0.000130645
-7.518417e-08,0.000104156
-7.508417e-08,0.000241663
-7.498417e-08,0.000410304
-7.488417e-08,0.000582837
-7.478417e-08,0.000881203
-7.468417e-08,0.000564676
-7.458417e-08,-0.000152698
-7.448417e-08,-0.000131942
-7.438417e-08,-0.00016567
-7.428417e-08,-0.000313556
-7.418417e-08,-0.000222749
-7.408417e-08,-0.000247396
-7.398417e-08,-0.000116375
-7.388417e-08,0.000377873
-7.378417e-08,0.000790396
-7.368417e-08,0.000772234
-7.358417e-08,0.000722939
-7.348417e-08,0.000761857
-7.338417e-08,0.000469978
-7.328417e-08,0.000197557
-7.318417e-08,0.000390846
-7.308417e-08,0.000192368
-7.298417e-08,-0.000300583
-7.288417e-08,-0.000141023
-7.278417e-08,0.000409007
-7.268417e-08,0.000774829
-7.258417e-08,0.000774829
-7.248417e-08,0.000586729
-7.238417e-08,0.000553001
-7.228417e-08,0.000602296
-7.218417e-08,0.000301336
-7.208417e-08,0.000170315
-7.198417e-08,0.00043106
-7.188417e-08,0.000171612
-7.178417e-08,-0.000159184
-7.168417e-08,6.91302e-05
-7.158417e-08,0.000412899
-7.148417e-08,0.000739803
-7.138417e-08,0.000659375
-7.128417e-08,0.000511489
-7.118417e-08,0.000473869
-7.108417e-08,0.000375279
-7.098417e-08,0.000706075
-7.088417e-08,0.000416791
-7.078417e-08,-0.00033042
-7.068417e-08,-0.000294097
-7.058417e-08,-5.54048e-05
-7.048417e-08,-6.83772e-05
-7.038417e-08,-0.000234424
-7.028417e-08,-3.51521e-06
-7.018417e-08,0.000598404
-7.008417e-08,0.00065678
-6.998417e-08,0.000528353
-6.988417e-08,0.000603593
-6.978417e-08,0.000582837
-6.968417e-08,0.000438844
-6.958417e-08,-3.20545e-05
-6.948417e-08,-0.000320042
-6.938417e-08,-9.17276e-05
-6.928417e-08,-3.4649e-05
-6.918417e-08,-0.000111186
-6.908417e-08,0.000204043
-6.898417e-08,0.000469978
-6.888417e-08,0.000412899
-6.878417e-08,0.00054392
-6.868417e-08,0.00076964
-6.858417e-08,0.000625646
-6.848417e-08,0.000388251
-6.838417e-08,0.000266311
-6.828417e-08,-0.000187723
-6.818417e-08,-0.00063138
-6.808417e-08,-0.000600246
-6.798417e-08,-0.000413443
-6.788417e-08,-0.000111186
-6.778417e-08,0.000119723
-6.768417e-08,-4.76214e-05
-6.758417e-08,5.56547e-06
-6.748417e-08,0.000290958
-6.738417e-08,0.000126209
-6.728417e-08,-0.000251288
-6.718417e-08,-0.000434199
-6.708417e-08,-0.000419929
-6.698417e-08,-0.000543167
-6.688417e-08,-0.000623596
-6.678417e-08,-0.000557437
-6.668417e-08,-0.000444577
-6.658417e-08,-0.00037712
-6.648417e-08,-0.000291503
-6.638417e-08,-6.83772e-05
-6.628417e-08,0.000218313
-6.618417e-08,0.000586729
-6.608417e-08,0.000217016
-6.598417e-08,-0.000207182
-6.588417e-08,-0.000325231
-6.578417e-08,-0.000759806
-6.568417e-08,-0.000801318
-6.558417e-08,-0.00070143
-6.548417e-08,-0.000486089
-6.538417e-08,-0.00019421
-6.528417e-08,-0.000243505
-6.518417e-08,-0.000262963
-6.508417e-08,-9.82138e-05
-6.498417e-08,9.24806e-05
-6.488417e-08,0.00024296
-6.478417e-08,0.000274094
-6.468417e-08,-3.98379e-05
-6.458417e-08,-0.000434199
-6.448417e-08,-0.000588571
-6.438417e-08,-0.000449766
-6.428417e-08,-8.91331e-05
-6.418417e-08,0.000113236
-6.408417e-08,8.72916e-05
-6.398417e-08,7.56164e-05
-6.388417e-08,0.000228691
-6.378417e-08,0.000150856
-6.368417e-08,2.37268e-05
-6.358417e-08,0.000109345
-6.348417e-08,-0.000192912
-6.338417e-08,-0.000334311
-6.328417e-08,-0.000200696
-6.318417e-08,-0.000257774
-6.308417e-08,-0.000252585
-6.298417e-08,-0.000102105
-6.288417e-08,9.24806e-05
-6.278417e-08,0.000244258
-6.268417e-08,0.000411602
-6.258417e-08,0.000442735
-6.248417e-08,0.000123614
-6.238417e-08,9.45719e-06
-6.228417e-08,0.000263716
-6.218417e-08,4.26823e-06
-6.208417e-08,-0.000186426
-6.198417e-08,0.000108047
-6.188417e-08,-2.16766e-05
-6.178417e-08,-1.25959e-05
-6.168417e-08,0.000433655
-6.158417e-08,0.000608782
-6.148417e-08,0.000719048
-6.138417e-08,0.00078391
-6.128417e-08,0.000594513
-6.118417e-08,0.000406413
-6.108417e-08,0.000123614
-6.098417e-08,-0.000257774
-6.088417e-08,-0.000430307
-6.078417e-08,-0.000282422
-6.068417e-08,7.69137e-05
-6.058417e-08,0.000140478
-6.048417e-08,0.000324687
-6.038417e-08,0.00078391
-6.028417e-08,0.000927903
-6.018417e-08,0.00119254
-6.008417e-08,0.00118476
-5.998417e-08,0.000588026
-5.988417e-08,0.000353226
-5.978417e-08,0.000438844
-5.968417e-08,0.000277986
-5.958417e-08,-7.09717e-05
-5.948417e-08,-0.000274638
-5.938417e-08,2.37268e-05
-5.928417e-08,0.000588026
-5.918417e-08,0.000794288
-5.908417e-08,0.000599702
-5.898417e-08,0.000402521
-5.888417e-08,0.000402521
-5.878417e-08,0.000429763
-5.868417e-08,0.00013529
-5.858417e-08,-0.000270747
-5.848417e-08,-0.000423821
-5.838417e-08,-0.000558734
-5.828417e-08,-0.000611921
-5.818417e-08,-0.000423821
-5.808417e-08,-0.000100808
-5.798417e-08,0.000389549
-5.788417e-08,0.000639916
-5.778417e-08,0.000432358
-5.768417e-08,0.000371387
-5.758417e-08,0.000306525
-5.748417e-08,6.52385e-05
-5.738417e-08,-0.000351176
-5.728417e-08,-0.000788346
-5.718417e-08,-0.000497764
-5.708417e-08,-0.000303178
-5.698417e-08,-0.000469224
-5.688417e-08,-0.000264261
-5.678417e-08,-6.05938e-05
-5.668417e-08,-7.09717e-05
-5.658417e-08,4.57799e-05
-5.648417e-08,0.000406413
-5.638417e-08,0.000337659
-5.628417e-08,-0.000103403
-5.618417e-08,-0.000266855
-5.608417e-08,-0.000525006
-5.598417e-08,-0.00106855
-5.588417e-08,-0.00129686
-5.578417e-08,-0.00136691
-5.568417e-08,-0.00130854
-5.558417e-08,-0.000914178
-5.548417e-08,-0.000575598
-5.538417e-08,-0.000403065
-5.528417e-08,-0.000675486
-5.518417e-08,-0.000975148
-5.508417e-08,-0.000905097
-5.498417e-08,-0.00103742
-5.488417e-08,-0.00154204
-5.478417e-08,-0.00167047
-5.468417e-08,-0.00138118
-5.458417e-08,-0.00166009
-5.448417e-08,-0.00184689
-5.438417e-08,-0.00141232
-5.428417e-08,-0.00120087
-5.418417e-08,-0.00152777
-5.408417e-08,-0.00193511
-5.398417e-08,-0.00194159
-5.388417e-08,-0.00201553
-5.378417e-08,-0.00226461
-5.368417e-08,-0.00225812
-5.358417e-08,-0.0022205
-5.348417e-08,-0.00266286
-5.338417e-08,-0.00326997
-5.328417e-08,-0.00329332
-5.318417e-08,-0.00304944
-5.308417e-08,-0.00277442
-5.298417e-08,-0.00267713
-5.288417e-08,-0.00290804
-5.278417e-08,-0.00293787
-5.268417e-08,-0.0028795
-5.258417e-08,-0.00305073
-5.248417e-08,-0.00311041
-5.238417e-08,-0.00318565
-5.228417e-08,-0.00369546
-5.218417e-08,-0.00397437
-5.208417e-08,-0.00387967
-5.198417e-08,-0.00389653
-5.188417e-08,-0.00404701
-5.178417e-08,-0.00423771
-5.168417e-08,-0.00425327
-5.158417e-08,-0.00435316
-5.148417e-08,-0.00458277
-5.138417e-08,-0.00458407
-5.128417e-08,-0.00454645
-5.118417e-08,-0.0047112
-5.108417e-08,-0.00504459
-5.098417e-08,-0.00511983
-5.088417e-08,-0.00516523
-5.078417e-08,-0.00527809
-5.068417e-08,-0.00521064
-5.058417e-08,-0.00536501
-5.048417e-08,-0.00530274
-5.038417e-08,-0.00502513
-5.028417e-08,-0.00504848
-5.018417e-08,-0.00535852
-5.008417e-08,-0.00573991
-4.998417e-08,-0.00590726
-4.988417e-08,-0.00603828
-4.978417e-08,-0.00609146
-4.968417e-08,-0.00604217
-4.958417e-08,-0.00620043
-4.948417e-08,-0.00626659
-4.938417e-08,-0.00606422
-4.928417e-08,-0.0058865
-4.918417e-08,-0.00573732
-4.908417e-08,-0.00597601
-4.898417e-08,-0.00656885
-4.888417e-08,-0.00676992
-4.878417e-08,-0.00670765
-4.868417e-08,-0.00658442
-4.858417e-08,-0.00679846
-4.848417e-08,-0.00712407
-4.838417e-08,-0.00705142
-4.828417e-08,-0.00703845
-4.818417e-08,-0.00679197
-4.808417e-08,-0.00636129
-4.798417e-08,-0.00607719
-4.788417e-08,-0.00615114
-4.778417e-08,-0.00642875
-4.768417e-08,-0.0065429
-4.758417e-08,-0.00685424
-4.748417e-08,-0.00723563
-4.738417e-08,-0.00726157
-4.728417e-08,-0.00705272
-4.718417e-08,-0.00702677
-4.708417e-08,-0.00707607
-4.698417e-08,-0.00691002
-4.688417e-08,-0.00671025
-4.678417e-08,-0.00684386
-4.668417e-08,-0.00708126
-4.658417e-08,-0.00679327
-4.648417e-08,-0.00676603
-4.638417e-08,-0.0073926
-4.628417e-08,-0.00747692
-4.618417e-08,-0.00746135
-4.608417e-08,-0.00775323
-4.598417e-08,-0.00801657
-4.588417e-08,-0.00783106
-4.578417e-08,-0.00733552
-4.568417e-08,-0.00721487
-4.558417e-08,-0.00694375
-4.548417e-08,-0.00694894
-4.538417e-08,-0.00727455
-4.528417e-08,-0.00737054
-4.518417e-08,-0.00740557
-4.508417e-08,-0.00738092
-4.498417e-08,-0.00793873
-4.488417e-08,-0.00835126
-4.478417e-08,-0.00803603
-4.468417e-08,-0.00800749
-4.458417e-08,-0.00808662
-4.448417e-08,-0.00803603
-4.438417e-08,-0.00750027
-4.428417e-08,-0.00695543
-4.418417e-08,-0.00719152
-4.408417e-08,-0.00742632
-4.398417e-08,-0.00738741
-4.388417e-08,-0.00751713
-4.378417e-08,-0.00760015
-4.368417e-08,-0.00725509
-4.358417e-08,-0.00742114
-4.348417e-08,-0.00767799
-4.338417e-08,-0.00722525
-4.328417e-08,-0.00714482
-4.318417e-08,-0.00699823
-4.308417e-08,-0.00651566
-4.298417e-08,-0.00637945
-4.288417e-08,-0.00625232
-4.278417e-08,-0.00604995
-4.268417e-08,-0.00617708
-4.258417e-08,-0.00683349
-4.248417e-08,-0.00716039
-4.238417e-08,-0.00660387
-4.228417e-08,-0.00629902
-4.218417e-08,-0.00656106
-4.208417e-08,-0.00645988
-4.198417e-08,-0.00604606
-4.188417e-08,-0.00573472
-4.178417e-08,-0.00540782
-4.168417e-08,-0.00520415
-4.158417e-08,-0.00536112
-4.148417e-08,-0.00544674
-4.138417e-08,-0.00523139
-4.128417e-08,-0.00533258
-4.118417e-08,-0.00559722
-4.108417e-08,-0.00571008
-4.098417e-08,-0.00547398
-4.088417e-08,-0.00489022
-4.078417e-08,-0.00495638
-4.068417e-08,-0.00501994
-4.058417e-08,-0.00412744
-4.048417e-08,-0.00375254
-4.038417e-08,-0.00410539
-4.028417e-08,-0.00423511
-4.018417e-08,-0.00451661
-4.008417e-08,-0.00477866
-3.998417e-08,-0.00473066
-3.988417e-08,-0.00458018
-3.978417e-08,-0.00453348
-3.968417e-08,-0.00430516
-3.958417e-08,-0.00373438
-3.948417e-08,-0.00337634
-3.938417e-08,-0.00324143
-3.928417e-08,-0.00321808
-3.918417e-08,-0.00311041
-3.908417e-08,-0.00302738
-3.898417e-08,-0.00322845
-3.888417e-08,-0.00341266
-3.878417e-08,-0.00369416
-3.868417e-08,-0.00393934
-3.858417e-08,-0.003628
-3.848417e-08,-0.00319992
-3.838417e-08,-0.0030676
-3.828417e-08,-0.0027848
-3.818417e-08,-0.00266545
-3.808417e-08,-0.00291452
-3.798417e-08,-0.00293658
-3.788417e-08,-0.0028782
-3.778417e-08,-0.00291452
-3.768417e-08,-0.00290414
-3.758417e-08,-0.00290155
-3.748417e-08,-0.00290674
-3.738417e-08,-0.00290285
-3.728417e-08,-0.00276664
-3.718417e-08,-0.00256038
-3.708417e-08,-0.00241508
-3.698417e-08,-0.00210634
-3.688417e-08,-0.00214526
-3.678417e-08,-0.0024553
-3.668417e-08,-0.00227887
-3.658417e-08,-0.0024553
-3.648417e-08,-0.00296122
-3.638417e-08,-0.00307408
-3.628417e-08,-0.00321159
-3.618417e-08,-0.00313635
-3.608417e-08,-0.00287171
-3.598417e-08,-0.00275107
-3.588417e-08,-0.00257854
-3.578417e-08,-0.00240471
-3.568417e-08,-0.00238525
-3.558417e-08,-0.00242027
-3.548417e-08,-0.00240211
-3.538417e-08,-0.00254351
-3.528417e-08,-0.00261356
-3.518417e-08,-0.0026888
-3.508417e-08,-0.00291971
-3.498417e-08,-0.00278869
-3.488417e-08,-0.00253962
-3.478417e-08,-0.00269918
-3.468417e-08,-0.00251757
-3.458417e-08,-0.00188322
-3.448417e-08,-0.00169641
-3.438417e-08,-0.00162117
-3.428417e-08,-0.00167177
-3.418417e-08,-0.0017989
-3.408417e-08,-0.00185987
-3.398417e-08,-0.00222309
-3.388417e-08,-0.00244362
-3.378417e-08,-0.00240341
-3.368417e-08,-0.00226071
-3.358417e-08,-0.00234374
-3.348417e-08,-0.00218807
-3.338417e-08,-0.00155631
-3.328417e-08,-0.00122162
-3.318417e-08,-0.000947906
-3.308417e-08,-0.000849316
-3.298417e-08,-0.000945312
-3.288417e-08,-0.00118011
-3.278417e-08,-0.00173403
-3.268417e-08,-0.00182614
-3.258417e-08,-0.00140972
-3.248417e-08,-0.00134875
-3.238417e-08,-0.00172884
-3.228417e-08,-0.00166917
-3.218417e-08,-0.00135524
-3.208417e-08,-0.00140324
-3.198417e-08,-0.00101407
-3.188417e-08,-0.000502953
-3.178417e-08,-0.00056522
-3.168417e-08,-0.000746834
-3.158417e-08,-0.000905097
-3.148417e-08,-0.00121254
-3.138417e-08,-0.00130854
-3.128417e-08,-0.00120735
-3.118417e-08,-0.00152777
-3.108417e-08,-0.0017976
-3.098417e-08,-0.00159653
-3.088417e-08,-0.00125016
-3.078417e-08,-0.00119308
-3.068417e-08,-0.0011386
-3.058417e-08,-0.00088953
-3.048417e-08,-0.00116584
-3.038417e-08,-0.00134486
-3.028417e-08,-0.00105558
-3.018417e-08,-0.00132281
-3.008417e-08,-0.0016549
-2.998417e-08,-0.00142529
-2.988417e-08,-0.000944014
-2.978417e-08,-0.000548356
-2.968417e-08,-0.000688458
-2.958417e-08,-0.000812993
-2.948417e-08,-0.000713106
-2.938417e-08,-0.00088953
-2.928417e-08,-0.00109449
-2.918417e-08,-0.00122941
-2.908417e-08,-0.00140843
-2.898417e-08,-0.00157318
-2.888417e-08,-0.00132281
-2.878417e-08,-0.000872666
-2.868417e-08,-0.00073905
-2.858417e-08,-0.00073905
-2.848417e-08,-0.000888233
-2.838417e-08,-0.00108801
-2.828417e-08,-0.00109709
-2.818417e-08,-0.000924556
-2.808417e-08,-0.000877855
-2.798417e-08,-0.000932339
-2.788417e-08,-0.0010439
-2.778417e-08,-0.00125405
-2.768417e-08,-0.00140453
-2.758417e-08,-0.00156928
-2.748417e-08,-0.00160301
-2.738417e-08,-0.00155891
-2.728417e-08,-0.00144215
-2.718417e-08,-0.000956987
-2.708417e-08,-0.000534086
-2.698417e-08,-0.000558734
-2.688417e-08,-0.000742942
-2.678417e-08,-0.000772779
-2.668417e-08,-0.000728673
-2.658417e-08,-0.00116584
-2.648417e-08,-0.00164063
-2.638417e-08,-0.00159263
-2.628417e-08,-0.00127222
-2.618417e-08,-0.0009038
-2.608417e-08,-0.000867477
-2.598417e-08,-0.00080521
-2.588417e-08,-0.000693647
-2.578417e-08,-0.000764995
-2.568417e-08,-0.000606732
-2.558417e-08,-0.000671594
-2.548417e-08,-0.00122422
-2.538417e-08,-0.00133708
-2.528417e-08,-0.000907692
-2.518417e-08,-0.000988121
-2.508417e-08,-0.00116195
-2.498417e-08,-0.000766293
-2.488417e-08,-0.000668999
-2.478417e-08,-0.000656027
-2.468417e-08,-0.000386201
-2.458417e-08,-0.00039139
-2.448417e-08,-0.000436793
-2.438417e-08,-0.000403065
-2.428417e-08,-0.00041474
-2.418417e-08,-0.000691053
-2.408417e-08,-0.00109968
-2.398417e-08,-0.00097904
-2.388417e-08,-0.000562626
-2.378417e-08,-0.000671594
-2.368417e-08,-0.000959581
-2.358417e-08,-0.000365445
-2.348417e-08,0.000342848
-2.338417e-08,0.000140478
-2.328417e-08,-0.000135834
-2.318417e-08,-0.000214965
-2.308417e-08,-0.00041474
-2.298417e-08,-0.000580787
-2.288417e-08,-0.000598949
-2.278417e-08,-0.000704025
-2.268417e-08,-0.00092715
-2.258417e-08,-0.000656027
-2.248417e-08,-0.000343392
-2.238417e-08,-0.000283719
-2.228417e-08,-8.13496e-05
-2.218417e-08,-0.000187723
-2.208417e-08,-0.000309664
-2.198417e-08,-0.000218857
-2.188417e-08,-0.000251288
-2.178417e-08,2.24296e-05
-2.168417e-08,0.000169018
-2.158417e-08,-0.000234424
-2.148417e-08,-0.000457549
-2.138417e-08,-0.000406957
-2.128417e-08,-0.000545762
-2.118417e-08,-0.000763698
-2.108417e-08,-0.000486089
-2.098417e-08,-4.11352e-05
-2.088417e-08,-4.89186e-05
-2.078417e-08,-0.000251288
-2.068417e-08,-0.000272044
-2.058417e-08,-0.000229235
-2.048417e-08,-0.00039139
-2.038417e-08,-0.000592462
-2.028417e-08,-0.000596354
-2.018417e-08,-0.00056522
-2.008417e-08,-0.000447171
-1.998417e-08,-9.69165e-05
-1.988417e-08,-2.03793e-05
-1.978417e-08,1.85379e-05
-1.968417e-08,0.00013529
-1.958417e-08,6.65358e-05
-1.948417e-08,8.33999e-05
-1.938417e-08,-4.76214e-05
-1.928417e-08,-0.000126753
-1.918417e-08,-0.000335609
-1.908417e-08,-0.000635271
-1.898417e-08,-0.000444577
-1.888417e-08,-0.000218857
-1.878417e-08,-0.000239613
-1.868417e-08,-0.000121564
-1.858417e-08,0.000240366
-1.848417e-08,0.000170315
-1.838417e-08,0.00014437
-1.828417e-08,0.000460897
-1.818417e-08,0.00015864
-1.808417e-08,-0.000157887
-1.798417e-08,-0.000204587
-1.788417e-08,-0.00027853
-1.778417e-08,-0.000514628
-1.768417e-08,-0.000657324
-1.758417e-08,-0.000266855
-1.748417e-08,-0.000172156
-1.738417e-08,-0.000295394
-1.728417e-08,-9.4322e-05
-1.718417e-08,9.89668e-05
-1.708417e-08,0.000236474
-1.698417e-08,0.000140478
-1.688417e-08,-0.000246099
-1.678417e-08,-0.000303178
-1.668417e-08,-0.000208479
-1.658417e-08,-0.000260369
-1.648417e-08,-0.000525006
-1.638417e-08,-0.000792237
-1.628417e-08,-0.000748131
-1.618417e-08,-0.00059376
-1.608417e-08,-0.000273341
-1.598417e-08,9.24806e-05
-1.588417e-08,0.000265014
-1.578417e-08,-1.64876e-05
-1.568417e-08,-0.000447171
-1.558417e-08,-0.000448469
-1.548417e-08,-0.000381012
-1.538417e-08,-0.00084283
-1.528417e-08,-0.00116714
-1.518417e-08,-0.000915475
-1.508417e-08,-0.000727375
-1.498417e-08,-0.000461441
-1.488417e-08,-0.000204587
-1.478417e-08,-0.000243505
-1.468417e-08,-0.000260369
-1.458417e-08,-0.000238316
-1.448417e-08,-0.000249991
-1.438417e-08,-0.000247396
-1.428417e-08,-0.000522411
-1.418417e-08,-0.000659919
-1.408417e-08,-0.000539275
-1.398417e-08,-0.000587273
-1.388417e-08,-0.000447171
-1.378417e-08,-0.000227938
-1.368417e-08,-9.30248e-05
-1.358417e-08,-5.67021e-05
-1.348417e-08,-9.4322e-05
-1.338417e-08,-0.000216263
-1.328417e-08,-0.000286314
-1.318417e-08,-0.00036804
-1.308417e-08,-0.000454955
-1.298417e-08,-0.000259072
-1.288417e-08,-0.000483494
-1.278417e-08,-0.000822074
-1.268417e-08,-0.000460144
-1.258417e-08,-0.000181237
-1.248417e-08,-0.000399174
-1.238417e-08,-0.000183832
-1.228417e-08,0.000441438
-1.218417e-08,0.000349334
-1.208417e-08,0.000293553
-1.198417e-08,0.000359712
-1.188417e-08,-0.000365445
-1.178417e-08,-0.000558734
-1.168417e-08,-0.000325231
-1.158417e-08,-0.000576895
-1.148417e-08,-0.000624893
-1.138417e-08,-0.000409551
-1.128417e-08,-0.000246099
-1.118417e-08,-0.000227938
-1.108417e-08,-0.000260369
-1.098417e-08,-0.000242207
-1.088417e-08,-0.000247396
-1.078417e-08,-0.000248694
-1.068417e-08,-0.000246099
-1.058417e-08,-0.000248694
-1.048417e-08,-0.000247396
-1.038417e-08,-0.000523709
-1.028417e-08,-0.000934934
-1.018417e-08,-0.000812993
-1.008417e-08,-0.000396579
-9.984168e-09,-9.17276e-05
-9.884168e-09,0.000239069
-9.784168e-09,0.000303931
-9.684168e-09,-5.79993e-05
-9.584168e-09,-0.000288908
-9.484168e-09,-0.000244802
-9.384168e-09,-0.000239613
-9.284168e-09,-0.00025518
-9.184168e-09,-0.000382309
-9.084168e-09,-0.000591165
-8.984168e-09,-0.000461441
-8.884168e-09,-0.000218857
-8.784168e-09,-9.69165e-05
-8.684168e-09,-5.79993e-05
-8.584168e-09,-0.00023183
-8.484168e-09,-8.70417e-06
-8.384168e-09,0.000462194
-8.284168e-09,0.000311714
-8.184168e-09,-0.000100808
-8.084168e-09,-0.000400471
-7.984168e-09,-0.000597651
-7.884168e-09,-0.000591165
-7.784168e-09,-0.00084283
-7.684168e-09,-0.000997201
-7.584168e-09,-0.000317447
-7.484168e-09,4.31854e-05
-7.384168e-09,-0.000266855
-7.284168e-09,-0.000146212
-7.184168e-09,-8.70417e-06
-7.084168e-09,-0.00039139
-6.984168e-09,-0.000488683
-6.884168e-09,-0.000505547
-6.784168e-09,-0.000771481
-6.684168e-09,-0.000768887
-6.584168e-09,-0.000859694
-6.484168e-09,-0.000962176
-6.384168e-09,-0.000613218
-6.284168e-09,-0.000225343
-6.184168e-09,-0.000212371
-6.084168e-09,-0.000138428
-5.984168e-09,-2.946e-05
-5.884168e-09,-0.000515925
-5.784168e-09,-0.000975148
-5.684168e-09,-0.000924556
-5.584168e-09,-0.000886936
-5.484168e-09,-0.000788346
-5.384168e-09,-0.00070143
-5.284168e-09,-0.000902503
-5.184168e-09,-0.000949203
-5.084168e-09,-0.000886936
-4.984168e-09,-0.000919367
-4.884168e-09,-0.000912881
-4.784168e-09,-0.000908989
-4.684168e-09,-0.000775373
-4.584168e-09,-0.000705322
-4.484168e-09,-0.00104131
-4.384168e-09,-0.00115417
-4.284168e-09,-0.00117233
-4.184168e-09,-0.00129427
-4.084168e-09,-0.000951798
-3.984168e-09,-0.000691053
-3.884168e-09,-0.000615813
-3.784168e-09,-0.000409551
-3.684168e-09,-0.000386201
-3.584168e-09,-0.000434199
-3.484168e-09,-0.000268152
-3.384168e-09,-0.000483494
-3.284168e-09,-0.000819479
-3.184168e-09,-0.000740348
-3.084168e-09,-0.000868774
-2.984168e-09,-0.00096477
-2.884168e-09,-0.000885639
-2.784168e-09,-0.000777968
-2.684168e-09,-0.000571706
-2.584168e-09,-0.00055614
-2.484168e-09,-0.000460144
-2.384168e-09,-0.000227938
-2.284168e-09,-0.000227938
-2.184168e-09,-0.000404362
-2.084168e-09,-0.000583382
-1.984168e-09,-0.000600246
-1.884168e-09,-0.000426416
-1.784168e-09,-0.00024091
-1.684168e-09,-0.00050425
-1.584168e-09,-0.000950501
-1.484168e-09,-0.000668999
-1.384168e-09,-0.000327825
-1.284168e-09,-0.00042901
-1.184168e-09,-0.000286314
-1.084168e-09,-0.000195507
-9.841679e-10,-0.000412146
-8.841679e-10,-0.000448469
-7.841679e-10,-0.000388796
-6.841679e-10,-0.000697539
-5.841679e-10,-0.000825966
-4.841679e-10,-0.00070143
-3.841679e-10,-0.000754617
-2.841679e-10,-0.000613218
-1.841679e-10,-0.000393985
-8.416788e-11,-0.000397876
1.583212e-11,-0.000290205
1.158321e-10,7.56164e-05
2.158321e-10,5.56547e-06
3.158321e-10,-2.16766e-05
4.158321e-10,0.000156045
5.158321e-10,-0.000213668
6.158321e-10,-0.000469224
7.158321e-10,-0.000540573
8.158321e-10,-0.000475711
9.158321e-10,-0.000360256
1.015832e-09,-0.000571706
1.115832e-09,-0.000619704
1.215832e-09,-0.00041474
1.315832e-09,-0.000244802
1.415832e-09,4.70772e-05
1.515832e-09,1.20517e-05
1.615832e-09,-0.000432902
1.715832e-09,-0.000465333
1.815832e-09,-0.000371931
1.915832e-09,-0.000430307
2.015832e-09,-0.000413443
2.115832e-09,-0.000270747
2.215832e-09,-0.000211074
2.315832e-09,-0.00012805
2.415832e-09,0.000237771
2.515832e-09,3.66992e-05
2.615832e-09,-0.000478305
2.715832e-09,-0.00030188
2.815832e-09,-0.000172156
2.915832e-09,-0.000286314
3.015832e-09,-0.00037712
3.115832e-09,-0.000448469
3.215832e-09,-0.000122861
3.315832e-09,-0.000139725
3.415832e-09,-0.000469224
3.515832e-09,-0.000283719
3.615832e-09,-0.000186426
3.715832e-09,-0.000281125
3.815832e-09,-0.000239613
3.915832e-09,-0.000243505
4.015832e-09,-0.000390093
4.115832e-09,-0.000588571
4.215832e-09,-0.000600246
4.315832e-09,-0.000562626
4.415832e-09,-0.000585976
4.515832e-09,-0.00057949
4.615832e-09,-0.000439388
4.715832e-09,-0.000237018
4.815832e-09,-0.000226641
4.915832e-09,-0.000125456
5.015832e-09,0.000241663
5.115832e-09,0.000447924
5.215832e-09,0.000279283
5.315832e-09,-7.35662e-05
5.415832e-09,-0.000273341
5.515832e-09,-0.000252585
5.615832e-09,-9.9511e-05
5.715832e-09,-4.76214e-05
5.815832e-09,-9.9511e-05
5.915832e-09,0.000198854
6.015832e-09,0.000471275
6.115832e-09,0.000275391
6.215832e-09,6.13468e-05
6.315832e-09,7.43192e-05
6.415832e-09,0.000235177
6.515832e-09,0.000145667
6.615832e-09,-0.000112483
6.715832e-09,-9.56193e-05
6.815832e-09,-6.31883e-05
6.915832e-09,-9.04303e-05
7.015832e-09,-0.00021756
7.115832e-09,-0.000286314
7.215832e-09,-9.04303e-05
7.315832e-09,0.000231285
7.415832e-09,0.000582837
7.515832e-09,0.000629538
7.615832e-09,0.000412899
7.715832e-09,0.000386954
7.815832e-09,0.000300039
7.915832e-09,-7.22689e-05
8.015832e-09,-0.000279827
8.115832e-09,-0.000247396
8.215832e-09,0.000174207
8.315832e-09,0.000641213
8.415832e-09,0.000603593
8.515832e-09,0.000691806
8.615832e-09,0.000942173
8.715832e-09,0.000930498
8.815832e-09,0.00089677
8.915832e-09,0.000785207
9.015832e-09,0.00043106
9.115832e-09,0.000218313
9.215832e-09,-0.000164373
9.315832e-09,-0.000633974
9.415832e-09,-0.00046663
9.515832e-09,7.3022e-05
9.615832e-09,0.000444033
9.715832e-09,0.000305228
9.815832e-09,0.000187179
9.915832e-09,0.000281878
1.001583e-08,-3.07573e-05
1.011583e-08,-0.000304475
1.021583e-08,-0.000103403
1.031583e-08,-3.20545e-05
1.041583e-08,-0.000111186
1.051583e-08,-7.35662e-05
1.061583e-08,-7.87551e-05
1.071583e-08,5.22661e-05
1.081583e-08,0.000265014
1.091583e-08,0.00040771
1.101583e-08,0.000301336
1.111583e-08,0.000197557
1.121583e-08,0.000411602
1.131583e-08,0.000454411
1.141583e-08,0.000253338
1.151583e-08,0.00021961
1.161583e-08,0.0002715
1.171583e-08,-3.20545e-05
1.181583e-08,-0.000300583
1.191583e-08,-0.000243505
1.201583e-08,-0.000374526
1.211583e-08,-0.000462738
1.221583e-08,-0.000112483
1.231583e-08,-6.10969e-06
1.241583e-08,1.20517e-05
1.251583e-08,0.000136587
1.261583e-08,-6.96745e-05
1.271583e-08,-0.000124159
1.281583e-08,-0.00033042
1.291583e-08,-0.000777968
1.301583e-08,-0.000785751
1.311583e-08,-0.000846721
1.321583e-08,-0.00110487
1.331583e-08,-0.000819479
1.341583e-08,-0.000369337
1.351583e-08,-0.000246099
1.361583e-08,-0.000238316
1.371583e-08,-0.000113781
1.381583e-08,-3.98379e-05
1.391583e-08,-0.000239613
1.401583e-08,-0.000285016
1.411583e-08,-0.000361554
1.421583e-08,-0.000461441
1.431583e-08,-0.000393985
1.441583e-08,-0.000552248
1.451583e-08,-0.000486089
1.461583e-08,-0.000211074
1.471583e-08,-9.56193e-05
1.481583e-08,-6.05938e-05
1.491583e-08,-9.17276e-05
1.501583e-08,-8.00524e-05
1.511583e-08,-0.00021756
1.521583e-08,-0.000288908
1.531583e-08,-0.000501655
1.541583e-08,-0.000938825
1.551583e-08,-0.000954392
1.561583e-08,-0.000873963
1.571583e-08,-0.000789643
1.581583e-08,-0.00056522
1.591583e-08,-0.000418632
1.601583e-08,-0.00025518
1.611583e-08,-8.13496e-05
1.621583e-08,7.95082e-05
1.631583e-08,-2.81628e-05
1.641583e-08,-0.000550951
1.651583e-08,-0.000950501
1.661583e-08,-0.000794832
1.671583e-08,-0.000681972
1.681583e-08,-0.00105298
1.691583e-08,-0.00128908
1.701583e-08,-0.000823371
1.711583e-08,-0.000342095
1.721583e-08,-0.000401768
1.731583e-08,-0.00030188
1.741583e-08,-0.000191615
1.751583e-08,-0.000549653
1.761583e-08,-0.000794832
1.771583e-08,-0.000601543
1.781583e-08,-0.000670297
1.791583e-08,-0.000812993
1.801583e-08,-0.00057949
1.811583e-08,-0.000540573
1.821583e-08,-0.000606732
1.831583e-08,-0.000431605
1.841583e-08,-0.000235721
1.851583e-08,-0.000230532
1.861583e-08,-0.000261666
1.871583e-08,-0.00024091
1.881583e-08,-0.000247396
1.891583e-08,-0.000525006
1.901583e-08,-0.000657324
1.911583e-08,-0.000401768
1.921583e-08,-0.00051852
1.931583e-08,-0.000645649
1.941583e-08,-0.000410849
1.951583e-08,-0.000378418
1.961583e-08,-0.000439388
1.971583e-08,-0.000265558
1.981583e-08,-6.96745e-05
1.991583e-08,-6.44855e-05
2.001583e-08,-0.000371931
2.011583e-08,-0.000487386
2.021583e-08,-0.000373229
2.031583e-08,-0.000422524
2.041583e-08,-0.000279827
2.051583e-08,-6.31883e-05
2.061583e-08,7.17247e-05
2.071583e-08,0.000109345
2.081583e-08,7.17247e-05
2.091583e-08,8.72916e-05
2.101583e-08,0.000223502
2.111583e-08,0.000425871
2.121583e-08,0.000437546
2.131583e-08,0.000123614
2.141583e-08,-0.000401768
2.151583e-08,-0.000492575
2.161583e-08,-0.000361554
2.171583e-08,-0.00042901
2.181583e-08,-0.000139725
2.191583e-08,5.56547e-06
2.201583e-08,-0.000264261
2.211583e-08,-0.000277233
2.221583e-08,-0.000221452
2.231583e-08,-0.000120267
2.241583e-08,-4.11352e-05
2.251583e-08,-0.000237018
2.261583e-08,-0.000423821
2.271583e-08,-0.000567815
2.281583e-08,-0.000744239
2.291583e-08,-0.000907692
2.301583e-08,-0.000658622
2.311583e-08,-0.000345987
2.321583e-08,-0.000281125
2.331583e-08,5.48606e-05
2.341583e-08,0.00029485
2.351583e-08,0.000110642
2.361583e-08,3.5402e-05
2.371583e-08,0.000249447
2.381583e-08,8.15995e-06
2.391583e-08,-0.000185129
2.401583e-08,-3.33517e-05
2.411583e-08,-0.000364148
2.421583e-08,-0.000501655
2.431583e-08,-0.000362851
2.441583e-08,-0.000287611
2.451583e-08,6.39413e-05
2.461583e-08,0.000289661
2.471583e-08,0.000111939
2.481583e-08,-0.000102105
2.491583e-08,-9.4322e-05
2.501583e-08,-0.000204587
2.511583e-08,-0.000570409
2.521583e-08,-0.000637866
2.531583e-08,-0.000403065
2.541583e-08,-0.000523709
2.551583e-08,-0.000641757
2.561583e-08,-0.000549653
2.571583e-08,-0.000583382
2.581583e-08,-0.000447171
2.591583e-08,-0.000229235
2.601583e-08,-0.000230532
2.611583e-08,-0.000539275
2.621583e-08,-0.000652135
2.631583e-08,-0.000539275
2.641583e-08,-0.000726078
2.651583e-08,-0.000928448
2.661583e-08,-0.00106206
2.671583e-08,-0.00082856
2.681583e-08,-0.000513331
2.691583e-08,-0.000444577
2.701583e-08,-0.000249991
2.711583e-08,-0.00035377
2.721583e-08,-0.000475711
2.731583e-08,-0.000247396
2.741583e-08,-0.000349878
2.751583e-08,-0.000754617
2.761583e-08,-0.000796129
2.771583e-08,-0.000431605
2.781583e-08,-0.000209776
2.791583e-08,-0.000248694
2.801583e-08,-0.000117672
2.811583e-08,-3.4649e-05
2.821583e-08,-0.000242207
2.831583e-08,-0.000421227
2.841583e-08,-0.00042901
2.851583e-08,-0.000262963
2.861583e-08,-0.000212371
2.871583e-08,-0.000129348
2.881583e-08,0.000101561
2.891583e-08,-3.20545e-05
2.901583e-08,-0.000141023
2.911583e-08,0.000223502
2.921583e-08,0.000187179
2.931583e-08,-0.000275936
2.941583e-08,-0.000294097
2.951583e-08,-0.000207182
2.961583e-08,-0.000126753
2.971583e-08,0.000236474
2.981583e-08,0.000451816
2.991583e-08,0.000277986
3.001583e-08,0.000202746
3.011583e-08,0.000415493
3.021583e-08,0.000174207
3.031583e-08,-0.000295394
3.041583e-08,-0.00027853
3.051583e-08,-0.000213668
3.061583e-08,-0.000125456
3.071583e-08,0.000375279
3.081583e-08,0.00065678
3.091583e-08,0.000424574
3.101583e-08,0.00023388
3.111583e-08,-0.000173454
3.121583e-08,-0.000493872
3.131583e-08,-0.000259072
3.141583e-08,-5.92965e-05
3.151583e-08,6.39413e-05
3.161583e-08,-2.29738e-05
3.171583e-08,-0.000135834
3.181583e-08,8.08054e-05
3.191583e-08,0.000261122
3.201583e-08,0.000402521
3.211583e-08,0.000169018
3.221583e-08,-0.000148806
3.231583e-08,-7.61607e-05
3.241583e-08,-6.708e-05
3.251583e-08,4.44827e-05
3.261583e-08,0.000130101
3.271583e-08,-7.48634e-05
3.281583e-08,-0.000256477
3.291583e-08,-0.000262963
3.301583e-08,-9.69165e-05
3.311583e-08,0.000229988
3.321583e-08,0.000447924
3.331583e-08,0.000559487
3.341583e-08,0.000611377
3.351583e-08,0.000293553
3.361583e-08,3.41048e-05
3.371583e-08,-5.02159e-05
3.381583e-08,-0.000248694
3.391583e-08,-0.000275936
3.401583e-08,-0.000226641
3.411583e-08,-0.000116375
3.421583e-08,-4.11352e-05
3.431583e-08,-0.000375823
3.441583e-08,-0.000214965
3.451583e-08,0.0003182
3.461583e-08,0.000279283
3.471583e-08,0.000213124
3.481583e-08,0.000132695
3.491583e-08,-9.82138e-05
3.501583e-08,-0.00024091
3.511583e-08,-0.000268152
3.521583e-08,-9.69165e-05
3.531583e-08,-0.000182534
3.541583e-08,-0.000447171
3.551583e-08,-0.000151401
3.561583e-08,0.000154748
3.571583e-08,-6.31883e-05
3.581583e-08,-0.000269449
3.591583e-08,-0.000256477
3.601583e-08,-0.000374526
3.611583e-08,-0.000597651
3.621583e-08,-0.000736456
3.631583e-08,-0.000905097
3.641583e-08,-0.000662513
3.651583e-08,-0.000205885
3.661583e-08,-0.000213668
3.671583e-08,-0.000281125
3.681583e-08,-0.00023183
3.691583e-08,-0.000249991
3.701583e-08,-0.000112483
3.711583e-08,0.000236474
3.721583e-08,0.000446627
3.731583e-08,0.000143073
3.741583e-08,-0.000281125
3.751583e-08,-0.00014232
3.761583e-08,0.000127506
3.771583e-08,-4.76214e-05
3.781583e-08,-0.000135834
3.791583e-08,-5.15131e-05
3.801583e-08,-0.000226641
3.811583e-08,-0.000290205
3.821583e-08,-0.000222749
3.831583e-08,-0.000253883
3.841583e-08,-0.000111186
3.851583e-08,-3.72435e-05
3.861583e-08,-0.000242207
3.871583e-08,-0.000282422
3.881583e-08,-0.000224046
3.891583e-08,-0.000392687
3.901583e-08,-0.000454955
3.911583e-08,-0.000252585
3.921583e-08,-0.000213668
3.931583e-08,-0.000269449
3.941583e-08,-0.000102105
3.951583e-08,9.76695e-05
3.961583e-08,0.000101561
3.971583e-08,-0.000205885
3.981583e-08,-0.000321339
3.991583e-08,-0.000207182
4.001583e-08,-0.000393985
4.011583e-08,-0.000596354
4.021583e-08,-0.000454955
4.031583e-08,-8.52413e-05
4.041583e-08,0.000110642
4.051583e-08,0.000502409
4.061583e-08,0.000831908
4.071583e-08,0.000594513
4.081583e-08,0.00039344
4.091583e-08,0.000410304
4.101583e-08,0.000425871
4.111583e-08,0.00013529
4.121583e-08,-0.000270747
4.131583e-08,-0.000285016
4.141583e-08,-0.000214965
4.151583e-08,1.59434e-05
4.161583e-08,0.000578946
4.171583e-08,0.000803368
4.181583e-08,0.000594513
4.191583e-08,0.000541326
4.201583e-08,0.000608782
4.211583e-08,0.000298742
4.221583e-08,-0.000107294
4.231583e-08,-0.00025518
4.241583e-08,-0.00011897
4.251583e-08,-3.4649e-05
4.261583e-08,-0.0001047
4.271583e-08,6.00496e-05
4.281583e-08,0.000266311
4.291583e-08,0.000266311
4.301583e-08,0.000375279
4.311583e-08,0.000462194
4.321583e-08,0.000119723
4.331583e-08,0.000145667
4.341583e-08,0.000335065
4.351583e-08,8.08054e-05
4.361583e-08,-9.4322e-05
4.371583e-08,-0.000366742
4.381583e-08,-0.000622299
4.391583e-08,-0.000719592
4.401583e-08,-0.000633974
4.411583e-08,-0.000251288
4.421583e-08,8.72916e-05
4.431583e-08,0.000401224
4.441583e-08,0.000331173
4.451583e-08,0.000179396
4.461583e-08,0.000279283
4.471583e-08,-2.68655e-05
4.481583e-08,-0.000444577
4.491583e-08,-0.000722186
4.501583e-08,-0.000657324
4.511583e-08,-0.000373229
4.521583e-08,-0.000537978
4.531583e-08,-0.000500358
4.541583e-08,-6.57827e-05
4.551583e-08,0.000109345
4.561583e-08,-5.41076e-05
4.571583e-08,1.20517e-05
4.581583e-08,0.000148262
4.591583e-08,-0.000216263
4.601583e-08,-0.000326528
4.611583e-08,-0.000338203
4.621583e-08,-0.00088045
4.631583e-08,-0.00115287
4.641583e-08,-0.000777968
4.651583e-08,-0.000525006
4.661583e-08,-0.000449766
4.671583e-08,3.28075e-05
4.681583e-08,0.00046868
4.691583e-08,0.000434952
4.701583e-08,0.000115831
4.711583e-08,-0.000257774
4.721583e-08,-0.000427713
4.731583e-08,-0.000560031
4.741583e-08,-0.000748131
4.751583e-08,-0.000768887
4.761583e-08,-0.000589868
4.771583e-08,-0.000406957
4.781583e-08,-0.000117672
4.791583e-08,0.000259825
4.801583e-08,0.00029485
4.811583e-08,0.000217016
4.821583e-08,0.000401224
4.831583e-08,0.000180693
4.841583e-08,-0.000157887
4.851583e-08,-0.000212371
4.861583e-08,-0.000410849
4.871583e-08,-0.000308367
4.881583e-08,-4.63241e-05
4.891583e-08,0.000206638
4.901583e-08,0.000589324
4.911583e-08,0.00076964
4.921583e-08,0.000891581
4.931583e-08,0.000947362
4.941583e-08,0.000621755
4.951583e-08,0.000229988
4.961583e-08,-6.1891e-05
4.971583e-08,-0.000268152
4.981583e-08,-0.000259072
4.991583e-08,-0.000234424
5.001583e-08,2.24296e-05
5.011583e-08,0.000442735
5.021583e-08,0.000319498
5.031583e-08,0.000176801
5.041583e-08,0.000560784
5.051583e-08,0.000658077
5.061583e-08,0.000536137
5.071583e-08,0.000320795
5.081583e-08,3.5402e-05
5.091583e-08,0.000354523
5.101583e-08,0.000237771
5.111583e-08,-0.000322636
5.121583e-08,-0.000137131
5.131583e-08,0.000274094
5.141583e-08,0.000427169
5.151583e-08,0.000425871
5.161583e-08,0.000685319
5.171583e-08,0.000970712
5.181583e-08,0.000913634
5.191583e-08,0.000763154
5.201583e-08,0.000442735
5.211583e-08,0.000351929
5.221583e-08,0.000454411
5.231583e-08,0.000268905
5.241583e-08,-0.000205885
5.251583e-08,-0.000340798
5.261583e-08,8.21027e-05
5.271583e-08,0.000289661
5.281583e-08,0.000383062
5.291583e-08,0.000453113
5.301583e-08,0.000401224
5.311583e-08,0.000141776
5.321583e-08,-0.000129348
5.331583e-08,-8.39441e-05
5.341583e-08,-0.000204587
5.351583e-08,-0.000159184
5.361583e-08,-1.64876e-05
5.371583e-08,-0.000105997
5.381583e-08,5.61578e-05
5.391583e-08,0.000131398
5.401583e-08,5.87523e-05
5.411583e-08,0.000228691
5.421583e-08,0.00043106
5.431583e-08,0.00070867
5.441583e-08,0.000813746
5.451583e-08,0.000162532
5.461583e-08,-0.000343392
5.471583e-08,-0.000379715
5.481583e-08,-0.000432902
5.491583e-08,-0.000409551
5.501583e-08,-0.000272044
5.511583e-08,-7.35662e-05
5.521583e-08,-0.000196804
5.531583e-08,-0.000304475
5.541583e-08,-0.000220154
5.551583e-08,2.50241e-05
5.561583e-08,0.000297445
5.571583e-08,0.000117128
5.581583e-08,-0.000108592
5.591583e-08,-0.000366742
5.601583e-08,-0.000618407
5.611583e-08,-0.000447171
5.621583e-08,-0.000221452
5.631583e-08,-0.000237018
5.641583e-08,-0.000122861
5.651583e-08,-3.4649e-05
5.661583e-08,0.000172909
5.671583e-08,0.000885094
5.681583e-08,0.000761857
5.691583e-08,-0.000126753
5.701583e-08,-0.000314853
5.711583e-08,-0.000208479
5.721583e-08,-0.000396579
5.731583e-08,-0.00059376
5.741583e-08,-0.000318745
5.751583e-08,0.000122317
5.761583e-08,0.000118425
5.771583e-08,-8.52413e-05
5.781583e-08,-0.000105997
5.791583e-08,-6.31883e-05
5.801583e-08,-8.78358e-05
5.811583e-08,-8.13496e-05
5.821583e-08,-0.00021756
5.831583e-08,-0.000288908
5.841583e-08,-0.000226641
5.851583e-08,-0.000388796
5.861583e-08,-0.000595057
5.871583e-08,-0.000595057
5.881583e-08,-0.00056522
5.891583e-08,-0.000447171
5.901583e-08,-9.69165e-05
5.911583e-08,0.000255933
5.921583e-08,0.000568568
5.931583e-08,0.000357118
5.941583e-08,-0.000135834
5.951583e-08,-0.000112483
5.961583e-08,-0.000183832
5.971583e-08,-0.000305772
5.981583e-08,-8.52413e-05
5.991583e-08,9.50751e-05
6.001583e-08,0.000236474
6.011583e-08,0.000693103
6.021583e-08,0.000990171
6.031583e-08,0.000621755
6.041583e-08,0.000494625
6.051583e-08,0.000772234
6.061583e-08,0.000774829
6.071583e-08,0.000585432
6.081583e-08,0.000277986
6.091583e-08,-8.65386e-05
6.101583e-08,-0.000264261
6.111583e-08,-0.000116375
6.121583e-08,0.000244258
6.131583e-08,0.00058154
6.141583e-08,0.000626944
6.151583e-08,0.000415493
6.161583e-08,0.000524462
6.171583e-08,0.000645105
6.181583e-08,0.000416791
6.191583e-08,0.000241663
6.201583e-08,-3.98379e-05
6.211583e-08,-0.000287611
6.221583e-08,-0.000388796
6.231583e-08,-0.000440685
6.241583e-08,-0.000125456
6.251583e-08,0.00013529
6.261583e-08,0.00021961
6.271583e-08,0.000418088
6.281583e-08,0.000720345
6.291583e-08,0.000946065
6.301583e-08,0.000507597
6.311583e-08,-0.000129348
6.321583e-08,-0.000408254
6.331583e-08,-0.000584679
6.341583e-08,-0.000598949
6.351583e-08,-0.000563923
6.361583e-08,-0.000170859
6.371583e-08,0.000176801
6.381583e-08,6.52385e-05
6.391583e-08,0.000213124
6.401583e-08,0.000303931
6.411583e-08,0.000498517
6.421583e-08,0.000805963
6.431583e-08,0.000612674
6.441583e-08,0.000111939
6.451583e-08,-0.00027853
6.461583e-08,-0.000413443
6.471583e-08,-0.000288908
6.481583e-08,7.69137e-05
6.491583e-08,0.00028058
6.501583e-08,0.000253338
6.511583e-08,0.00024296
6.521583e-08,0.000532245
6.531583e-08,0.000660672
6.541583e-08,0.000403818
6.551583e-08,0.000109345
6.561583e-08,-0.000521114
6.571583e-08,-0.000985526
6.581583e-08,-0.00064046
6.591583e-08,-0.0003395
6.601583e-08,-0.00042901
6.611583e-08,-0.000421227
6.621583e-08,-0.000403065
6.631583e-08,-0.00014232
6.641583e-08,0.000137884
6.651583e-08,-5.28103e-05
6.661583e-08,-0.000410849
6.671583e-08,-0.000462738
6.681583e-08,-0.00051852
6.691583e-08,-0.000630082
6.701583e-08,-0.000147509
6.711583e-08,3.92937e-05
6.721583e-08,-0.000562626
6.731583e-08,-0.000959581
6.741583e-08,-0.000784454
6.751583e-08,-0.000410849
6.761583e-08,-0.000364148
6.771583e-08,-0.000585976
6.781583e-08,-0.000469224
6.791583e-08,-0.000352473
6.801583e-08,-0.000716997
6.811583e-08,-0.000820777
6.821583e-08,-0.000423821
6.831583e-08,-0.000347284
6.841583e-08,-0.000733862
6.851583e-08,-0.000811696
6.861583e-08,-0.000426416
6.871583e-08,-0.000208479
6.881583e-08,-0.000249991
6.891583e-08,-0.000253883
6.901583e-08,-0.000103403
6.911583e-08,9.37778e-05
6.921583e-08,-3.33517e-05
6.931583e-08,-0.000274638
6.941583e-08,-0.000260369
6.951583e-08,-0.000369337
6.961583e-08,-0.000600246
6.971583e-08,-0.000735159
6.981583e-08,-0.00076759
6.991583e-08,-0.000595057
7.001583e-08,-0.00054187
7.011583e-08,-0.000601543
7.021583e-08,-0.000573004
7.031583e-08,-0.000439388
7.041583e-08,-0.00037712
7.051583e-08,-0.000570409
7.061583e-08,-0.000478305
7.071583e-08,-0.000349878
7.081583e-08,-0.00057949
7.091583e-08,-0.000340798
7.101583e-08,0.000133992
7.111583e-08,0.000252041
7.121583e-08,0.00067105
7.131583e-08,0.000726831
7.141583e-08,6.91302e-05
7.151583e-08,-3.51521e-06
7.161583e-08,0.000149559
7.171583e-08,6.00496e-05
7.181583e-08,-5.41076e-05
7.191583e-08,-0.000113781
7.201583e-08,-0.000204587
7.211583e-08,-0.000426416
7.221583e-08,-0.000297989
7.231583e-08,-0.000187723
7.241583e-08,-0.000138428
7.251583e-08,0.000515381
7.261583e-08,0.000864339
7.271583e-08,0.000429763
7.281583e-08,0.000337659
7.291583e-08,0.000331173
7.301583e-08,-8.13496e-05
7.311583e-08,-4.81245e-06
7.321583e-08,0.000306525
7.331583e-08,-2.03793e-05
7.341583e-08,-0.000178643
7.351583e-08,0.000246852
7.361583e-08,0.000457005
7.371583e-08,0.000409007
7.381583e-08,0.000826719
7.391583e-08,0.00117697
7.401583e-08,0.00064251
7.411583e-08,0.000316903
7.421583e-08,0.000451816
7.431583e-08,0.000141776
7.441583e-08,-6.10969e-06
7.451583e-08,0.000409007
7.461583e-08,0.000624349
7.471583e-08,0.000576351
7.481583e-08,0.000716453
7.491583e-08,0.000794288
7.501583e-08,0.000449222
7.511583e-08,0.000479058
7.521583e-08,0.000804665
7.531583e-08,0.00061916
7.541583e-08,0.000245555
7.551583e-08,-7.09717e-05
7.561583e-08,-0.000266855
7.571583e-08,-0.000257774
7.581583e-08,-0.000235721
7.591583e-08,-0.000252585
7.601583e-08,-0.000246099
7.611583e-08,3.0213e-05
7.621583e-08,0.000301336
7.631583e-08,0.000250744
7.641583e-08,0.000514084
7.651583e-08,0.000396035
7.661583e-08,-0.000287611
7.671583e-08,-0.000318745
7.681583e-08,-0.000186426
7.691583e-08,-0.000134536
7.701583e-08,9.89668e-05
7.711583e-08,0.000109345
7.721583e-08,6.39413e-05
7.731583e-08,-4.50269e-05
7.741583e-08,-0.000121564
7.751583e-08,0.000213124
7.761583e-08,0.000466086
7.771583e-08,0.000274094
7.781583e-08,6.39413e-05
7.791583e-08,-6.44855e-05
7.801583e-08,-0.000246099
7.811583e-08,-0.000410849
7.821583e-08,-0.000435496
7.831583e-08,-0.000122861
7.841583e-08,0.000131398
7.851583e-08,8.33999e-05
7.861583e-08,7.43192e-05
7.871583e-08,-4.50269e-05
7.881583e-08,-0.000262963
7.891583e-08,-0.000266855
7.901583e-08,-0.000230532
7.911583e-08,-0.000392687
7.921583e-08,-0.000728673
7.931583e-08,-0.000802615
7.941583e-08,-0.000571706
7.951583e-08,-0.000410849
7.961583e-08,-0.000257774
7.971583e-08,5.74551e-05
7.981583e-08,0.000423277
7.991583e-08,0.000460897
8.001583e-08,0.00038436
8.011583e-08,0.000152154
8.021583e-08,-0.000270747
8.031583e-08,-0.00042901
8.041583e-08,-0.000693647
8.051583e-08,-0.000819479
8.061583e-08,-0.000569112
8.071583e-08,-0.000547059
8.081583e-08,-0.00046663
8.091583e-08,-0.000225343
8.101583e-08,-9.04303e-05
8.111583e-08,-6.05938e-05
8.121583e-08,-0.000230532
8.131583e-08,0.000128803
8.141583e-08,0.000392143
8.151583e-08,-0.000230532
8.161583e-08,-8.13496e-05
8.171583e-08,0.000375279
8.181583e-08,-5.02159e-05
8.191583e-08,-0.000177345
8.201583e-08,0.000115831
8.211583e-08,0.00010675
8.221583e-08,0.000198854
8.231583e-08,0.000440141
8.241583e-08,0.000572459
8.251583e-08,0.000879905
8.261583e-08,0.000982387
8.271583e-08,0.000600999
8.281583e-08,0.000236474
8.291583e-08,7.69137e-05
8.301583e-08,7.17247e-05
8.311583e-08,-4.37297e-05
8.321583e-08,-0.000125456
8.331583e-08,7.69137e-05
8.341583e-08,0.000259825
8.351583e-08,0.000266311
8.361583e-08,0.000100264
8.371583e-08,0.000187179
8.381583e-08,0.000449222
8.391583e-08,0.000293553
8.401583e-08,-8.39441e-05
8.411583e-08,-0.000130645
8.421583e-08,9.11833e-05
8.431583e-08,-2.42711e-05
8.441583e-08,-0.000281125
8.451583e-08,1.72406e-05
8.461583e-08,0.000457005
8.471583e-08,0.000446627
8.481583e-08,0.000385657
8.491583e-08,0.000293553
8.501583e-08,0.00034674
8.511583e-08,0.000612674
8.521583e-08,0.000463491
8.531583e-08,0.000218313
8.541583e-08,0.000104156
8.551583e-08,-7.87551e-05
8.561583e-08,-0.000108592
8.571583e-08,-6.31883e-05
8.581583e-08,-0.000362851
8.591583e-08,-0.00021756
8.601583e-08,0.000455708
8.611583e-08,0.000486842
8.621583e-08,0.000357118
8.631583e-08,0.000165126
8.641583e-08,-0.000134536
8.651583e-08,-8.65386e-05
8.661583e-08,-6.44855e-05
8.671583e-08,-0.00023183
8.681583e-08,-0.000421227
8.691583e-08,-1.90821e-05
8.701583e-08,0.000495922
8.711583e-08,0.000429763
8.721583e-08,0.000525759
8.731583e-08,0.000917525
8.741583e-08,0.000968118
8.751583e-08,0.000739803
8.761583e-08,0.00044533
8.771583e-08,-5.54048e-05
8.781583e-08,-0.000444577
8.791583e-08,-0.000439388
8.801583e-08,-0.000387498
8.811583e-08,-0.000562626
8.821583e-08,-0.000479602
8.831583e-08,6.39413e-05
8.841583e-08,0.000316903
8.851583e-08,9.37778e-05
8.861583e-08,0.000180693
8.871583e-08,0.0003182
8.881583e-08,0.000222205
8.891583e-08,-2.29738e-05
8.901583e-08,-0.0002928
8.911583e-08,-0.000252585
8.921583e-08,-0.000369337
8.931583e-08,-0.000464036
8.941583e-08,-0.000388796
8.951583e-08,-0.000141023
8.961583e-08,0.000270202
8.971583e-08,0.000156045
8.981583e-08,-0.000266855
8.991583e-08,-1.64876e-05
9.001583e-08,0.000476464
9.011583e-08,0.000166423
9.021583e-08,-0.00016567
9.031583e-08,-6.31883e-05
9.041583e-08,6.52385e-05
9.051583e-08,0.000113236
9.061583e-08,-0.000204587
9.071583e-08,-0.000325231
9.081583e-08,-0.000204587
9.091583e-08,1.85379e-05
9.101583e-08,0.000573757
9.111583e-08,0.000805963
9.121583e-08,0.000730723
9.131583e-08,0.000608782
9.141583e-08,0.000272797
9.151583e-08,-0.000226641
9.161583e-08,-0.000329123
9.171583e-08,-5.92965e-05
9.181583e-08,-5.54048e-05
9.191583e-08,-0.000105997
9.201583e-08,-6.96745e-05
9.211583e-08,0.000193665
9.221583e-08,0.000467383
9.231583e-08,0.000418088
9.241583e-08,0.000265014
9.251583e-08,-5.54048e-05
9.261583e-08,-0.000282422
9.271583e-08,-0.000249991
9.281583e-08,-0.000237018
9.291583e-08,-0.000116375
9.301583e-08,-3.98379e-05
9.311583e-08,-0.000239613
9.321583e-08,-0.000283719
9.331583e-08,5.22661e-05
9.341583e-08,0.000571162
9.351583e-08,0.000660672
9.361583e-08,0.000394738
9.371583e-08,0.000392143
9.381583e-08,0.000301336
9.391583e-08,-7.61607e-05
9.401583e-08,-0.00041474
9.411583e-08,-0.000454955
9.421583e-08,2.89158e-05
9.431583e-08,0.000194963
9.441583e-08,-0.000115078
9.451583e-08,3.15103e-05
9.461583e-08,0.000427169
9.471583e-08,0.000738506
9.481583e-08,0.00065678
9.491583e-08,0.000376576
9.501583e-08,0.000405115
9.511583e-08,0.000434952
9.521583e-08,0.000130101
9.531583e-08,-0.000129348
9.541583e-08,-8.00524e-05
9.551583e-08,-0.000207182
9.561583e-08,-0.000157887
9.571583e-08,0.00012102
9.581583e-08,0.000376576
9.591583e-08,0.000613971
9.601583e-08,0.000455708
9.611583e-08,0.000223502
9.621583e-08,0.000240366
9.631583e-08,0.000402521
9.641583e-08,0.000172909
9.651583e-08,-0.000152698
9.661583e-08,-0.000213668
9.671583e-08,-0.000410849
9.681583e-08,-0.000307069
9.691583e-08,-0.000185129
9.701583e-08,-0.000137131
9.711583e-08,0.000100264
9.721583e-08,0.000109345
9.731583e-08,6.2644e-05
9.741583e-08,9.37778e-05
9.751583e-08,-5.41076e-05
9.761583e-08,-0.000260369
9.771583e-08,-0.000403065
9.781583e-08,-0.000436793
9.791583e-08,1.46462e-05
9.801583e-08,0.000338956
9.811583e-08,0.000228691
9.821583e-08,0.000381765
9.831583e-08,0.000606188
9.841583e-08,0.00059581
9.851583e-08,0.000429763
9.861583e-08,0.000383062
9.871583e-08,0.000297445
9.881583e-08,-7.09717e-05
9.891583e-08,-0.000281125
9.901583e-08,-0.000247396
9.911583e-08,-0.000102105
9.921583e-08,0.000228691
9.931583e-08,0.000313011
9.941583e-08,0.000214421
9.951583e-08,0.000122317
9.961583e-08,4.83744e-05
9.971583e-08,0.000375279
9.981583e-08,0.000358415
9.991583e-08,-0.000109889
1.000158e-07,-0.000129348
1.001158e-07,-0.000178643
1.002158e-07,-0.000441982
1.003158e-07,-0.000431605
1.004158e-07,-0.00025518
1.005158e-07,-8.00524e-05
1.006158e-07,-5.92965e-05
1.007158e-07,-9.56193e-05
1.008158e-07,6.13468e-05
1.009158e-07,0.000401224
1.010158e-07,0.000336362
1.011158e-07,3.79965e-05
1.012158e-07,7.43192e-05
1.013158e-07,-3.4649e-05
1.014158e-07,-0.000270747
1.015158e-07,-0.000262963
1.016158e-07,-0.000230532
1.017158e-07,-0.000393985
1.018158e-07,-0.00045236
1.019158e-07,-0.000115078
1.020158e-07,-6.10969e-06
1.021158e-07,1.33489e-05
1.022158e-07,0.000549109
1.023158e-07,0.000824124
1.024158e-07,0.000586729
1.025158e-07,0.000265014
1.026158e-07,0.000198854
1.027158e-07,0.000143073
1.028158e-07,-0.000102105
1.029158e-07,0.000172909
1.030158e-07,0.000351929
1.031158e-07,6.2644e-05
1.032158e-07,5.35634e-05
1.033158e-07,0.000113236
1.034158e-07,7.3022e-05
1.035158e-07,0.000362307
1.036158e-07,0.000637321
1.037158e-07,0.000166423
1.038158e-07,-0.000322636
1.039158e-07,-0.000256477
1.040158e-07,-0.000221452
1.041158e-07,-0.000125456
1.042158e-07,0.000240366
1.043158e-07,0.000449222
1.044158e-07,0.000555595
1.045158e-07,0.000890283
1.046158e-07,0.000979793
1.047158e-07,0.000737209
1.048158e-07,0.00058154
1.049158e-07,0.000152154
1.050158e-07,-0.000300583
1.051158e-07,-0.000269449
1.052158e-07,-0.000218857
