LECROYWaveRunner„U,21892,Waveform
Segments,1,SegmentSize,2002
Segment,TrigTime,TimeSinceSegment1
#1,15-Jun-2021 15:24:40,0                 
Time,Ampl
-9.489017e-08,-0.000143171
-9.479017e-08,-0.000550504
-9.469017e-08,-0.00066077
-9.459017e-08,-0.000688012
-9.449017e-08,-0.000663364
-9.439017e-08,-0.000809952
-9.429017e-08,-0.000878706
-9.419017e-08,-0.000677634
-9.409017e-08,-0.000497318
-9.399017e-08,-0.000349432
-9.389017e-08,-0.000174305
-9.379017e-08,-0.00014836
-9.369017e-08,-0.000464887
-9.359017e-08,-0.000441536
-9.349017e-08,-0.000119821
-9.339017e-08,-0.000301434
-9.329017e-08,-0.000400024
-9.319017e-08,-0.000444131
-9.309017e-08,-0.000553099
-9.299017e-08,-0.000488237
-9.289017e-08,-0.000366296
-9.279017e-08,-0.000166521
-9.269017e-08,-0.000149657
-9.259017e-08,-0.000191169
-9.249017e-08,-0.000304029
-9.239017e-08,-0.000518073
-9.229017e-08,-0.000664662
-9.219017e-08,-0.000830708
-9.209017e-08,-0.00100194
-9.199017e-08,-0.0011641
-9.189017e-08,-0.00105643
-9.179017e-08,-0.000671148
-9.169017e-08,-0.000477859
-9.159017e-08,-0.000227492
-9.149017e-08,-0.000100362
-9.139017e-08,-0.00020933
-9.129017e-08,-0.000305326
-9.119017e-08,-0.000372782
-9.109017e-08,-0.000187277
-9.099017e-08,-0.000410402
-9.089017e-08,-0.00060888
-9.079017e-08,-0.000595908
-9.069017e-08,-0.000716551
-9.059017e-08,-0.000521965
-9.049017e-08,-0.000597205
-9.039017e-08,-0.000601097
-9.029017e-08,-0.000436347
-9.019017e-08,-0.000389647
-9.009017e-08,-2.5122e-05
-8.999017e-08,-0.000214519
-8.989017e-08,-0.000599799
-8.979017e-08,-0.000490831
-8.969017e-08,-0.000489534
-8.959017e-08,-0.000658175
-8.949017e-08,-0.000979891
-8.939017e-08,-0.000787899
-8.929017e-08,-0.000279381
-8.919017e-08,-0.000448022
-8.909017e-08,-0.000580341
-8.899017e-08,-5.23641e-05
-8.889017e-08,0.000242109
-8.879017e-08,-5.66344e-06
-8.869017e-08,-4.97696e-05
-8.859017e-08,2.28758e-05
-8.849017e-08,-0.000156143
-8.839017e-08,-0.000489534
-8.829017e-08,-0.000560882
-8.819017e-08,-0.000332568
-8.809017e-08,-0.000309218
-8.799017e-08,-0.000499912
-8.789017e-08,-0.000259923
-8.779017e-08,0.000203192
-8.769017e-08,-8.34979e-05
-8.759017e-08,-0.000287165
-8.749017e-08,0.000160383
-8.739017e-08,0.00022784
-8.729017e-08,-0.000166521
-8.719017e-08,-0.00037408
-8.709017e-08,-0.000475264
-8.699017e-08,-0.000676337
-8.689017e-08,-0.000558288
-8.679017e-08,-0.00030792
-8.669017e-08,-0.000464887
-8.659017e-08,-0.000423375
-8.649017e-08,0.000144816
-8.639017e-08,0.0005288
-8.629017e-08,0.000509341
-8.619017e-08,0.000192814
-8.609017e-08,-4.84724e-05
-8.599017e-08,-8.25792e-06
-8.589017e-08,-0.000271598
-8.579017e-08,-0.000841086
-8.569017e-08,-0.000774927
-8.559017e-08,-0.000302731
-8.549017e-08,-2.12303e-05
-8.539017e-08,0.000310863
-8.529017e-08,0.000382211
-8.519017e-08,0.000151303
-8.509017e-08,0.00012925
-8.499017e-08,-9.5173e-05
-8.489017e-08,-0.000398727
-8.479017e-08,-0.000200249
-8.469017e-08,-0.000256031
-8.459017e-08,-0.000686715
-8.449017e-08,-0.000584233
-8.439017e-08,0.000126655
-8.429017e-08,0.000421129
-8.419017e-08,0.000150005
-8.409017e-08,0.000121466
-8.399017e-08,-8.73896e-05
-8.389017e-08,-0.000540126
-8.379017e-08,-0.000267706
-8.369017e-08,-5.75531e-05
-8.359017e-08,-0.000367593
-8.349017e-08,-0.000507695
-8.339017e-08,-0.000515479
-8.329017e-08,-0.000498615
-8.319017e-08,-0.000506398
-8.309017e-08,-0.000367593
-8.299017e-08,-0.000297543
-8.289017e-08,-8.47951e-05
-8.279017e-08,0.000214867
-8.269017e-08,-0.000114632
-8.259017e-08,-0.000269003
-8.249017e-08,0.000155194
-8.239017e-08,-4.97696e-05
-8.229017e-08,-0.000575152
-8.219017e-08,-0.000390944
-8.209017e-08,-0.000263814
-8.199017e-08,-0.000516776
-8.189017e-08,-0.000673742
-8.179017e-08,-0.00054791
-8.169017e-08,-0.000317001
-8.159017e-08,-0.000184683
-8.149017e-08,0.000264163
-8.139017e-08,0.000432804
-8.129017e-08,0.000127952
-8.119017e-08,0.000131844
-8.109017e-08,-0.000227492
-8.099017e-08,-0.000471373
-8.089017e-08,-0.000275489
-8.079017e-08,-0.00048694
-8.069017e-08,-0.000280678
-8.059017e-08,-6.14448e-05
-8.049017e-08,-8.47951e-05
-8.039017e-08,0.000314755
-8.029017e-08,0.000393887
-8.019017e-08,0.000278432
-8.009017e-08,0.000201895
-7.999017e-08,-1.73386e-05
-7.989017e-08,-0.000170413
-7.979017e-08,-0.000331271
-7.969017e-08,-0.000642608
-7.959017e-08,-0.000733415
-7.949017e-08,-0.000497318
-7.939017e-08,-0.000473967
-7.929017e-08,-0.000253436
-7.919017e-08,-8.34979e-05
-7.909017e-08,-0.000213222
-7.899017e-08,-3.0311e-05
-7.889017e-08,0.000317349
-7.879017e-08,0.000375725
-7.869017e-08,1.63896e-05
-7.859017e-08,-7.70117e-05
-7.849017e-08,3.58482e-05
-7.839017e-08,-1.99331e-05
-7.829017e-08,-0.000285867
-7.819017e-08,-0.000550504
-7.809017e-08,-0.00023268
-7.799017e-08,-7.96061e-05
-7.789017e-08,-8.47951e-05
-7.779017e-08,0.000182436
-7.769017e-08,0.000185031
-7.759017e-08,0.000134439
-7.749017e-08,-0.000105551
-7.739017e-08,-0.000531046
-7.729017e-08,-0.000545315
-7.719017e-08,-0.000470075
-7.709017e-08,-0.000656878
-7.699017e-08,-0.000433753
-7.689017e-08,-0.000235275
-7.679017e-08,-0.00052456
-7.669017e-08,-0.000401322
-7.659017e-08,-0.000545315
-7.649017e-08,-0.000784008
-7.639017e-08,-0.000349432
-7.629017e-08,-0.00026122
-7.619017e-08,-0.000392241
-7.609017e-08,-0.00032219
-7.599017e-08,-0.000475264
-7.589017e-08,-0.000689309
-7.579017e-08,-0.000410402
-7.569017e-08,3.19565e-05
-7.559017e-08,-0.000250842
-7.549017e-08,-0.000451914
-7.539017e-08,-6.96068e-06
-7.529017e-08,0.000200598
-7.519017e-08,0.000148708
-7.509017e-08,-0.000119821
-7.499017e-08,-0.000385755
-7.489017e-08,-0.000479156
-7.479017e-08,-0.000393538
-7.469017e-08,-0.000288462
-7.459017e-08,-0.00077363
-7.449017e-08,-0.000817736
-7.439017e-08,-0.000564774
-7.429017e-08,-0.000431158
-7.419017e-08,1.37952e-05
-7.409017e-08,-9.25785e-05
-7.399017e-08,-0.000532343
-7.389017e-08,-0.000822925
-7.379017e-08,-0.000604988
-7.369017e-08,-0.00026122
-7.359017e-08,-0.00062315
-7.349017e-08,-0.000765846
-7.339017e-08,-0.000479156
-7.329017e-08,-0.000479156
-7.319017e-08,-0.000392241
-7.309017e-08,-1.21496e-05
-7.299017e-08,0.000188923
-7.289017e-08,0.000159086
-7.279017e-08,0.00028881
-7.269017e-08,0.000370536
-7.259017e-08,0.000164275
-7.249017e-08,0.000122763
-7.239017e-08,-9.25785e-05
-7.229017e-08,-0.000675039
-7.219017e-08,-0.000751577
-7.209017e-08,-0.000614069
-7.199017e-08,-0.000414294
-7.189017e-08,-0.000122415
-7.179017e-08,-0.000442833
-7.169017e-08,-0.000463589
-7.159017e-08,-0.000108145
-7.149017e-08,-0.000165224
-7.139017e-08,-5.75531e-05
-7.129017e-08,4.75234e-05
-7.119017e-08,-0.000309218
-7.109017e-08,-0.000553099
-7.099017e-08,-8.60923e-05
-7.089017e-08,0.000258974
-7.079017e-08,-8.25792e-06
-7.069017e-08,8.51434e-05
-7.059017e-08,9.42241e-05
-7.049017e-08,-0.000217114
-7.039017e-08,-0.000188574
-7.029017e-08,-1.21496e-05
-7.019017e-08,0.000157789
-7.009017e-08,-0.00023268
-6.999017e-08,-0.000473967
-6.989017e-08,-0.00013409
-6.979017e-08,-0.000419483
-6.969017e-08,-0.000754171
-6.959017e-08,-0.000654284
-6.949017e-08,-0.000662067
-6.939017e-08,-0.000406511
-6.929017e-08,2.28758e-05
-6.919017e-08,0.000169464
-6.909017e-08,0.00030308
-6.899017e-08,0.000220056
-6.889017e-08,-0.000174305
-6.879017e-08,-0.000505101
-6.869017e-08,-0.00068412
-6.859017e-08,-0.00068412
-6.849017e-08,-0.000659473
-6.839017e-08,-0.000400024
-6.829017e-08,1.76869e-05
-6.819017e-08,3.32538e-05
-6.809017e-08,-4.06889e-05
-6.799017e-08,7.30896e-06
-6.789017e-08,-8.25792e-06
-6.779017e-08,-1.08524e-05
-6.769017e-08,-4.3662e-06
-6.759017e-08,-8.25792e-06
-6.749017e-08,-6.96068e-06
-6.739017e-08,-6.96068e-06
-6.729017e-08,0.000130547
-6.719017e-08,0.000199301
-6.709017e-08,8.22762e-07
-6.699017e-08,-4.32834e-05
-6.689017e-08,0.000153897
-6.679017e-08,0.000191517
-6.669017e-08,-0.000137982
-6.659017e-08,-0.000108145
-6.649017e-08,7.47655e-05
-6.639017e-08,-0.000175602
-6.629017e-08,-0.000213222
-6.619017e-08,-0.000143171
-6.609017e-08,-0.000184683
-6.599017e-08,-0.000310515
-6.589017e-08,-0.000375377
-6.579017e-08,-0.000183385
-6.569017e-08,2.12e-06
-6.559017e-08,9.90344e-06
-6.549017e-08,0.000118872
-6.539017e-08,0.000203192
-6.529017e-08,8.22762e-07
-6.519017e-08,-0.000320893
-6.509017e-08,-0.00066985
-6.499017e-08,-0.000580341
-6.489017e-08,-0.000294948
-6.479017e-08,-0.000468778
-6.469017e-08,-0.00056218
-6.459017e-08,-0.000197655
-6.449017e-08,0.00017595
-6.439017e-08,0.000332916
-6.429017e-08,0.000474315
-6.419017e-08,0.000383509
-6.409017e-08,-8.25792e-06
-6.399017e-08,-0.000201547
-6.389017e-08,-0.000311812
-6.379017e-08,-0.000372782
-6.369017e-08,-0.000460995
-6.359017e-08,-0.000685417
-6.349017e-08,-0.000555693
-6.339017e-08,-0.00030792
-6.329017e-08,-5.10669e-05
-6.319017e-08,0.000195409
-6.309017e-08,0.00016687
-6.299017e-08,0.000144816
-6.289017e-08,0.000168167
-6.279017e-08,-0.000119821
-6.269017e-08,-0.000667256
-6.259017e-08,-0.000611475
-6.249017e-08,-0.000412997
-6.239017e-08,-0.000542721
-6.229017e-08,-0.000364999
-6.219017e-08,-0.000150954
-6.209017e-08,0.00011498
-6.199017e-08,8.77379e-05
-6.189017e-08,5.66041e-05
-6.179017e-08,0.00036405
-6.169017e-08,-6.7931e-05
-6.159017e-08,-0.000455806
-6.149017e-08,-2.77165e-05
-6.139017e-08,7.86572e-05
-6.129017e-08,-0.000475264
-6.119017e-08,-0.000470075
-6.109017e-08,4.10372e-05
-6.099017e-08,-0.000104254
-6.089017e-08,-0.000115929
-6.079017e-08,0.000210976
-6.069017e-08,3.32538e-05
-6.059017e-08,-6.92282e-05
-6.049017e-08,2.67676e-05
-6.039017e-08,-1.47441e-05
-6.029017e-08,-0.000149657
-6.019017e-08,-0.00034554
-6.009017e-08,-0.000361107
-5.999017e-08,-0.000597205
-5.989017e-08,-0.000619258
-5.979017e-08,-0.000285867
-5.969017e-08,-0.000463589
-5.959017e-08,-0.000431158
-5.949017e-08,-0.000263814
-5.939017e-08,-0.000505101
-5.929017e-08,-0.000682823
-5.919017e-08,-0.000682823
-5.909017e-08,-0.000523262
-5.899017e-08,-0.000468778
-5.889017e-08,-0.000663364
-5.879017e-08,-0.000981188
-5.869017e-08,-0.00119912
-5.859017e-08,-0.000760657
-5.849017e-08,-0.000263814
-5.839017e-08,-0.000327379
-5.829017e-08,-0.000366296
-5.819017e-08,-0.000184683
-5.809017e-08,-4.74479e-07
-5.799017e-08,1.12007e-05
-5.789017e-08,-0.000160035
-5.779017e-08,-0.000621853
-5.769017e-08,-0.000908543
-5.759017e-08,-0.00068412
-5.749017e-08,-0.00062315
-5.739017e-08,-0.000563477
-5.729017e-08,-0.000317001
-5.719017e-08,-0.000179494
-5.709017e-08,-0.000153549
-5.699017e-08,-0.000183385
-5.689017e-08,0.000105899
-5.679017e-08,0.000102008
-5.669017e-08,-0.000366296
-5.659017e-08,-0.000252139
-5.649017e-08,-8.99841e-05
-5.639017e-08,-0.000349432
-5.629017e-08,-0.000511587
-5.619017e-08,-0.000655581
-5.609017e-08,-0.000424672
-5.599017e-08,0.000309566
-5.589017e-08,0.000715602
-5.579017e-08,0.000523611
-5.569017e-08,2.02814e-05
-5.559017e-08,-0.00023268
-5.549017e-08,0.000116277
-5.539017e-08,-3.16082e-05
-5.529017e-08,-0.000577746
-5.519017e-08,-0.000532343
-5.509017e-08,-0.000191169
-5.499017e-08,2.41731e-05
-5.489017e-08,-1.77172e-06
-5.479017e-08,-1.73386e-05
-5.469017e-08,-0.000137982
-5.459017e-08,-7.70117e-05
-5.449017e-08,5.27124e-05
-5.439017e-08,-0.000167818
-5.429017e-08,-7.44172e-05
-5.419017e-08,0.000198003
-5.409017e-08,-0.000106848
-5.399017e-08,-0.000545315
-5.389017e-08,-0.000534937
-5.379017e-08,-0.000473967
-5.369017e-08,-0.000658175
-5.359017e-08,-0.000846275
-5.349017e-08,-0.000854059
-5.339017e-08,-0.000546613
-5.329017e-08,-0.000154846
-5.319017e-08,4.71448e-06
-5.309017e-08,0.000139627
-5.299017e-08,5.27124e-05
-5.289017e-08,-0.000477859
-5.279017e-08,-0.00101492
-5.269017e-08,-0.00120172
-5.259017e-08,-0.0013029
-5.249017e-08,-0.00123156
-5.239017e-08,-0.000699687
-5.229017e-08,-0.000572557
-5.219017e-08,-0.000732118
-5.209017e-08,-0.000791791
-5.199017e-08,-0.000734712
-5.189017e-08,-0.000342946
-5.179017e-08,-0.000691904
-5.169017e-08,-0.00141317
-5.159017e-08,-0.00124193
-5.149017e-08,-0.00107848
-5.139017e-08,-0.0013522
-5.129017e-08,-0.00122896
-5.119017e-08,-0.000964324
-5.109017e-08,-0.000994161
-5.099017e-08,-0.000881301
-5.089017e-08,-0.000649095
-5.079017e-08,-0.00120691
-5.069017e-08,-0.00178807
-5.059017e-08,-0.00138204
-5.049017e-08,-0.00136906
-5.039017e-08,-0.00174137
-5.029017e-08,-0.00167002
-5.019017e-08,-0.002198
-5.009017e-08,-0.00278176
-4.999017e-08,-0.00251842
-4.989017e-08,-0.0024315
-4.979017e-08,-0.00240037
-4.969017e-08,-0.00214092
-4.959017e-08,-0.00228102
-4.949017e-08,-0.00253139
-4.939017e-08,-0.00250674
-4.929017e-08,-0.0024821
-4.919017e-08,-0.00264425
-4.909017e-08,-0.00297764
-4.899017e-08,-0.00333049
-4.889017e-08,-0.003372
-4.879017e-08,-0.00329676
-4.869017e-08,-0.00333827
-4.859017e-08,-0.00305288
-4.849017e-08,-0.00291148
-4.839017e-08,-0.0029011
-4.829017e-08,-0.00291927
-4.819017e-08,-0.00346411
-4.809017e-08,-0.00332011
-4.799017e-08,-0.00315666
-4.789017e-08,-0.0038416
-4.779017e-08,-0.00433585
-4.769017e-08,-0.00464849
-4.759017e-08,-0.00456417
-4.749017e-08,-0.00442017
-4.739017e-08,-0.00424375
-4.729017e-08,-0.00379879
-4.719017e-08,-0.00378063
-4.709017e-08,-0.00400246
-4.699017e-08,-0.00415294
-4.689017e-08,-0.00431769
-4.679017e-08,-0.00476524
-4.669017e-08,-0.0050636
-4.659017e-08,-0.0049715
-4.649017e-08,-0.00525689
-4.639017e-08,-0.00527246
-4.629017e-08,-0.00465368
-4.619017e-08,-0.00456546
-4.609017e-08,-0.00485734
-4.599017e-08,-0.00484048
-4.589017e-08,-0.00493777
-4.579017e-08,-0.00490145
-4.569017e-08,-0.00476005
-4.559017e-08,-0.00525819
-4.549017e-08,-0.00571741
-4.539017e-08,-0.00566423
-4.529017e-08,-0.0056279
-4.519017e-08,-0.00566682
-4.509017e-08,-0.00564866
-4.499017e-08,-0.00578876
-4.489017e-08,-0.00586011
-4.479017e-08,-0.00552153
-4.469017e-08,-0.00527246
-4.459017e-08,-0.00532435
-4.449017e-08,-0.00546834
-4.439017e-08,-0.00565644
-4.429017e-08,-0.0056759
-4.419017e-08,-0.00604951
-4.409017e-08,-0.00655284
-4.399017e-08,-0.00650224
-4.389017e-08,-0.00645165
-4.379017e-08,-0.00636214
-4.369017e-08,-0.00585751
-4.359017e-08,-0.0054424
-4.349017e-08,-0.00532824
-4.339017e-08,-0.00516738
-4.329017e-08,-0.00525949
-4.319017e-08,-0.00579395
-4.309017e-08,-0.00632712
-4.299017e-08,-0.00651522
-4.289017e-08,-0.00634139
-4.279017e-08,-0.00613383
-4.269017e-08,-0.00613642
-4.259017e-08,-0.00630247
-4.249017e-08,-0.00607415
-4.239017e-08,-0.00533343
-4.229017e-08,-0.0053451
-4.219017e-08,-0.00560196
-4.209017e-08,-0.00516609
-4.199017e-08,-0.00521279
-4.189017e-08,-0.00569017
-4.179017e-08,-0.00569406
-4.169017e-08,-0.00533862
-4.159017e-08,-0.00525819
-4.149017e-08,-0.00563569
-4.139017e-08,-0.0057213
-4.129017e-08,-0.00533343
-4.119017e-08,-0.00511549
-4.109017e-08,-0.005157
-4.099017e-08,-0.0051609
-4.089017e-08,-0.00514792
-4.079017e-08,-0.0050195
-4.069017e-08,-0.00508566
-4.059017e-08,-0.00535159
-4.049017e-08,-0.0049235
-4.039017e-08,-0.00454471
-4.029017e-08,-0.00482621
-4.019017e-08,-0.00500652
-4.009017e-08,-0.00485604
-3.999017e-08,-0.00463681
-3.989017e-08,-0.0046407
-3.979017e-08,-0.00453433
-3.969017e-08,-0.00444223
-3.959017e-08,-0.00437477
-3.949017e-08,-0.00455768
-3.939017e-08,-0.00516609
-3.929017e-08,-0.00523354
-3.919017e-08,-0.00509603
-3.909017e-08,-0.00517646
-3.899017e-08,-0.00515441
-3.889017e-08,-0.00487161
-3.879017e-08,-0.00460957
-3.869017e-08,-0.00465497
-3.859017e-08,-0.00466924
-3.849017e-08,-0.00464589
-3.839017e-08,-0.00479897
-3.829017e-08,-0.00513755
-3.819017e-08,-0.00507528
-3.809017e-08,-0.00491183
-3.799017e-08,-0.0050195
-3.789017e-08,-0.00498707
-3.779017e-08,-0.00511809
-3.769017e-08,-0.0049248
-3.759017e-08,-0.00444352
-3.749017e-08,-0.00431769
-3.739017e-08,-0.00404527
-3.729017e-08,-0.00377804
-3.719017e-08,-0.00410235
-3.709017e-08,-0.00452655
-3.699017e-08,-0.00479637
-3.689017e-08,-0.00528673
-3.679017e-08,-0.00541256
-3.669017e-08,-0.00526468
-3.659017e-08,-0.00533473
-3.649017e-08,-0.00518684
-3.639017e-08,-0.00496761
-3.629017e-08,-0.0051116
-3.619017e-08,-0.00520889
-3.609017e-08,-0.00498966
-3.599017e-08,-0.00522835
-3.589017e-08,-0.00556304
-3.579017e-08,-0.00547742
-3.569017e-08,-0.00547353
-3.559017e-08,-0.00549948
-3.549017e-08,-0.00561882
-3.539017e-08,-0.00569276
-3.529017e-08,-0.00535678
-3.519017e-08,-0.00510512
-3.509017e-08,-0.00488199
-3.499017e-08,-0.00447595
-3.489017e-08,-0.00458103
-3.479017e-08,-0.00487031
-3.469017e-08,-0.00469
-3.459017e-08,-0.004738
-3.449017e-08,-0.00516998
-3.439017e-08,-0.0052063
-3.429017e-08,-0.0051142
-3.419017e-08,-0.00489366
-3.409017e-08,-0.00460438
-3.399017e-08,-0.00465238
-3.389017e-08,-0.00439682
-3.379017e-08,-0.00423337
-3.369017e-08,-0.00450709
-3.359017e-08,-0.00466016
-3.349017e-08,-0.00466924
-3.339017e-08,-0.00450968
-3.329017e-08,-0.00459141
-3.319017e-08,-0.00485475
-3.309017e-08,-0.00469908
-3.299017e-08,-0.00459789
-3.289017e-08,-0.00440979
-3.279017e-08,-0.00396225
-3.269017e-08,-0.00422559
-3.259017e-08,-0.00444223
-3.249017e-08,-0.00412959
-3.239017e-08,-0.00385198
-3.229017e-08,-0.00350043
-3.219017e-08,-0.00357956
-3.209017e-08,-0.00401154
-3.199017e-08,-0.00431639
-3.189017e-08,-0.00450449
-3.179017e-08,-0.00450449
-3.169017e-08,-0.00433974
-3.159017e-08,-0.00401414
-3.149017e-08,-0.00379361
-3.139017e-08,-0.00382214
-3.129017e-08,-0.0035601
-3.119017e-08,-0.00326952
-3.109017e-08,-0.0036068
-3.099017e-08,-0.00375339
-3.089017e-08,-0.0037469
-3.079017e-08,-0.00415424
-3.069017e-08,-0.00408548
-3.059017e-08,-0.00376896
-3.049017e-08,-0.00395965
-3.039017e-08,-0.00363534
-3.029017e-08,-0.00292835
-3.019017e-08,-0.00294521
-3.009017e-08,-0.00291148
-2.999017e-08,-0.00262739
-2.989017e-08,-0.00237183
-2.979017e-08,-0.00227324
-2.969017e-08,-0.00263776
-2.959017e-08,-0.00287646
-2.949017e-08,-0.00296207
-2.939017e-08,-0.00289073
-2.929017e-08,-0.00263776
-2.919017e-08,-0.00278305
-2.909017e-08,-0.00275192
-2.899017e-08,-0.00259366
-2.889017e-08,-0.00282716
-2.879017e-08,-0.00273246
-2.869017e-08,-0.00231994
-2.859017e-08,-0.00241983
-2.849017e-08,-0.002713
-2.839017e-08,-0.0026702
-2.829017e-08,-0.00278435
-2.819017e-08,-0.00274284
-2.809017e-08,-0.00246134
-2.799017e-08,-0.0024821
-2.789017e-08,-0.00279473
-2.779017e-08,-0.00289851
-2.769017e-08,-0.00251582
-2.759017e-08,-0.00242631
-2.749017e-08,-0.00254307
-2.739017e-08,-0.00220838
-2.729017e-08,-0.00208384
-2.719017e-08,-0.00248858
-2.709017e-08,-0.00256642
-2.699017e-08,-0.00245226
-2.689017e-08,-0.00237442
-2.679017e-08,-0.00215649
-2.669017e-08,-0.00213962
-2.659017e-08,-0.00218632
-2.649017e-08,-0.00201898
-2.639017e-08,-0.0018218
-2.629017e-08,-0.00181531
-2.619017e-08,-0.00184904
-2.609017e-08,-0.00182699
-2.599017e-08,-0.00210979
-2.589017e-08,-0.0023848
-2.579017e-08,-0.00232902
-2.569017e-08,-0.00231994
-2.559017e-08,-0.00206568
-2.549017e-08,-0.0019152
-2.539017e-08,-0.00203974
-2.529017e-08,-0.00185423
-2.519017e-08,-0.00192428
-2.509017e-08,-0.00206698
-2.499017e-08,-0.00183348
-2.489017e-08,-0.00165705
-2.479017e-08,-0.00165446
-2.469017e-08,-0.00195412
-2.459017e-08,-0.00221357
-2.449017e-08,-0.00230308
-2.439017e-08,-0.00236015
-2.429017e-08,-0.00218243
-2.419017e-08,-0.00198785
-2.409017e-08,-0.00184515
-2.399017e-08,-0.00153122
-2.389017e-08,-0.00143652
-2.379017e-08,-0.00181402
-2.369017e-08,-0.00190482
-2.359017e-08,-0.00178937
-2.349017e-08,-0.00198525
-2.339017e-08,-0.00231864
-2.329017e-08,-0.00224729
-2.319017e-08,-0.00195542
-2.309017e-08,-0.00198914
-2.299017e-08,-0.00174267
-2.289017e-08,-0.00157532
-2.279017e-08,-0.00171153
-2.269017e-08,-0.00166094
-2.259017e-08,-0.00165964
-2.249017e-08,-0.00167521
-2.239017e-08,-0.00180104
-2.229017e-08,-0.00173618
-2.219017e-08,-0.00160776
-2.209017e-08,-0.00182958
-2.199017e-08,-0.00187239
-2.189017e-08,-0.00180623
-2.179017e-08,-0.00170505
-2.169017e-08,-0.0013522
-2.159017e-08,-0.00141057
-2.149017e-08,-0.00158051
-2.139017e-08,-0.00105643
-2.129017e-08,-0.000885192
-2.119017e-08,-0.00134831
-2.109017e-08,-0.00167262
-2.099017e-08,-0.00183866
-2.089017e-08,-0.00185034
-2.079017e-08,-0.0018205
-2.069017e-08,-0.00183866
-2.059017e-08,-0.00169467
-2.049017e-08,-0.0013509
-2.039017e-08,-0.00113815
-2.029017e-08,-0.0011654
-2.019017e-08,-0.00145468
-2.009017e-08,-0.00185034
-1.999017e-08,-0.0021513
-1.989017e-08,-0.00221227
-1.979017e-08,-0.00186201
-1.969017e-08,-0.00203714
-1.959017e-08,-0.00242631
-1.949017e-08,-0.00204233
-1.939017e-08,-0.00162721
-1.929017e-08,-0.00164408
-1.919017e-08,-0.00183088
-1.909017e-08,-0.00172321
-1.899017e-08,-0.00105643
-1.889017e-08,-0.000732118
-1.879017e-08,-0.00142744
-1.869017e-08,-0.00179845
-1.859017e-08,-0.00147803
-1.849017e-08,-0.00146506
-1.839017e-08,-0.00167262
-1.829017e-08,-0.00183088
-1.819017e-08,-0.00171672
-1.809017e-08,-0.00147544
-1.799017e-08,-0.00134831
-1.789017e-08,-0.00145079
-1.779017e-08,-0.00141447
-1.769017e-08,-0.00127307
-1.759017e-08,-0.0016337
-1.749017e-08,-0.00174915
-1.739017e-08,-0.00161943
-1.729017e-08,-0.00154289
-1.719017e-08,-0.00160386
-1.709017e-08,-0.00172062
-1.699017e-08,-0.00123415
-1.689017e-08,-0.000911137
-1.679017e-08,-0.000892976
-1.669017e-08,-0.000663364
-1.659017e-08,-0.000778819
-1.649017e-08,-0.000900759
-1.639017e-08,-0.000807358
-1.629017e-08,-0.0011174
-1.619017e-08,-0.00153122
-1.609017e-08,-0.00167391
-1.599017e-08,-0.00167651
-1.589017e-08,-0.00179845
-1.579017e-08,-0.00187628
-1.569017e-08,-0.00153641
-1.559017e-08,-0.00128604
-1.549017e-08,-0.00106421
-1.539017e-08,-0.0010707
-1.529017e-08,-0.00151825
-1.519017e-08,-0.00141966
-1.509017e-08,-0.00111351
-1.499017e-08,-0.00116669
-1.489017e-08,-0.00118485
-1.479017e-08,-0.00115891
-1.469017e-08,-0.00103567
-1.459017e-08,-0.000825519
-1.449017e-08,-0.000678931
-1.439017e-08,-0.000786602
-1.429017e-08,-0.00102919
-1.419017e-08,-0.000743793
-1.409017e-08,-0.000573855
-1.399017e-08,-0.000720443
-1.389017e-08,-0.000662067
-1.379017e-08,-0.000802169
-1.369017e-08,-0.0011615
-1.359017e-08,-0.00122377
-1.349017e-08,-0.00127177
-1.339017e-08,-0.00152343
-1.329017e-08,-0.00124712
-1.319017e-08,-0.000929299
-1.309017e-08,-0.00101362
-1.299017e-08,-0.000876112
-1.289017e-08,-0.000785305
-1.279017e-08,-0.00113945
-1.269017e-08,-0.00124453
-1.259017e-08,-0.00112518
-1.249017e-08,-0.00118096
-1.239017e-08,-0.00103567
-1.229017e-08,-0.000819033
-1.219017e-08,-0.000821628
-1.209017e-08,-0.000990269
-1.199017e-08,-0.00117448
-1.189017e-08,-0.00105124
-1.179017e-08,-0.000672445
-1.169017e-08,-0.000616664
-1.159017e-08,-0.000708768
-1.149017e-08,-0.000659473
-1.139017e-08,-0.000946163
-1.129017e-08,-0.00122507
-1.119017e-08,-0.0011654
-1.109017e-08,-0.00115761
-1.099017e-08,-0.00131717
-1.089017e-08,-0.00150916
-1.079017e-08,-0.00138333
-1.069017e-08,-0.00100324
-1.059017e-08,-0.000812547
-1.049017e-08,-0.000833303
-1.039017e-08,-0.000569963
-1.029017e-08,-0.00042078
-1.019017e-08,-0.000822925
-1.009017e-08,-0.00104735
-9.990168e-09,-0.00113426
-9.890168e-09,-0.00106551
-9.790168e-09,-0.00081125
-9.690168e-09,-0.00109405
-9.590168e-09,-0.00113037
-9.490168e-09,-0.000498615
-9.390168e-09,-0.000415591
-9.290168e-09,-0.00070747
-9.190168e-09,-0.000688012
-9.090168e-09,-0.000511587
-8.990168e-09,-0.000614069
-8.890168e-09,-0.000867031
-8.790168e-09,-0.000575152
-8.690168e-09,-0.000407808
-8.590168e-09,-0.000969513
-8.490168e-09,-0.00138852
-8.390168e-09,-0.0012095
-8.290168e-09,-0.00097081
-8.190168e-09,-0.00085795
-8.090168e-09,-0.000672445
-7.990168e-09,-0.000781413
-7.890168e-09,-0.00089557
-7.790168e-09,-0.000672445
-7.690168e-09,-0.000772332
-7.590168e-09,-0.000903354
-7.490168e-09,-0.000808655
-7.390168e-09,-0.000841086
-7.290168e-09,-0.000704876
-7.190168e-09,-0.000625744
-7.090168e-09,-0.000969513
-6.990168e-09,-0.00107848
-6.890168e-09,-0.000682823
-6.790168e-09,-0.000602394
-6.690168e-09,-0.000440239
-6.590168e-09,-0.000245653
-6.490168e-09,-0.000791791
-6.390168e-09,-0.000955243
-6.290168e-09,-0.000765846
-6.190168e-09,-0.000995458
-6.090168e-09,-0.00104864
-5.990168e-09,-0.000835897
-5.890168e-09,-0.000668553
-5.790168e-09,-0.000790494
-5.690168e-09,-0.000751577
-5.590168e-09,-0.000329974
-5.490168e-09,-0.000283273
-5.390168e-09,-0.000519371
-5.290168e-09,-0.000529749
-5.190168e-09,-0.000485642
-5.090168e-09,-0.000789197
-4.990168e-09,-0.000778819
-4.890168e-09,-0.000588124
-4.790168e-09,-0.0011148
-4.690168e-09,-0.00128993
-4.590168e-09,-0.000960432
-4.490168e-09,-0.000706173
-4.390168e-09,-0.000204141
-4.290168e-09,5.79013e-05
-4.190168e-09,-2.38248e-05
-4.090168e-09,-0.000149657
-3.990168e-09,-0.000342946
-3.890168e-09,-0.000363702
-3.790168e-09,-0.000459698
-3.690168e-09,-0.000551802
-3.590168e-09,-0.00062315
-3.490168e-09,-0.000575152
-3.390168e-09,-0.000173007
-3.290168e-09,-0.000113334
-3.190168e-09,-0.000214519
-3.090168e-09,-1.99331e-05
-2.990168e-09,0.000172058
-2.890168e-09,0.000173356
-2.790168e-09,7.30896e-06
-2.690168e-09,-0.000317001
-2.590168e-09,-0.000675039
-2.490168e-09,-0.000991566
-2.390168e-09,-0.000774927
-2.290168e-09,-0.000560882
-2.190168e-09,-0.00085795
-2.090168e-09,-0.000595908
-1.990168e-09,-0.000394836
-1.890168e-09,-0.00042078
-1.790168e-09,-1.34469e-05
-1.690168e-09,-7.70117e-05
-1.590168e-09,-0.000534937
-1.490168e-09,-0.000686715
-1.390168e-09,-0.000672445
-1.290168e-09,-0.000804763
-1.190168e-09,-0.000880003
-1.090168e-09,-0.000677634
-9.901679e-10,-0.000634825
-8.901679e-10,-0.000694498
-7.901679e-10,-0.000663364
-6.901679e-10,-0.00066985
-5.901679e-10,-0.000812547
-4.901679e-10,-0.00128863
-3.901679e-10,-0.00129771
-2.901679e-10,-0.000795683
-1.901679e-10,-0.0010681
-9.016788e-11,-0.00115372
9.832116e-12,-0.000903354
1.098321e-10,-0.00103308
2.098321e-10,-0.000870923
3.098321e-10,-0.000921515
4.098321e-10,-0.00107199
5.098321e-10,-0.000975999
6.098321e-10,-0.000867031
7.098321e-10,-0.000665959
8.098321e-10,-0.0006465
9.098321e-10,-0.000690606
1.009832e-09,-0.000802169
1.109832e-09,-0.00115372
1.209832e-09,-0.00136906
1.309832e-09,-0.00133663
1.409832e-09,-0.00160257
1.509832e-09,-0.00175305
1.609832e-09,-0.00134831
1.709832e-09,-0.00084887
1.809832e-09,-0.000350729
1.909832e-09,-0.000402619
2.009832e-09,-0.000868328
2.109832e-09,-0.00102011
2.209832e-09,-0.00141836
2.309832e-09,-0.00175564
2.409832e-09,-0.00109664
2.509832e-09,-0.000972107
2.609832e-09,-0.00157922
2.709832e-09,-0.0014002
2.809832e-09,-0.00110961
2.909832e-09,-0.000898165
3.009832e-09,-0.000768441
3.109832e-09,-0.000868328
3.209832e-09,-0.000695795
3.309832e-09,-0.000625744
3.409832e-09,-0.000973405
3.509832e-09,-0.00121339
3.609832e-09,-0.00116669
3.709832e-09,-0.00116021
3.809832e-09,-0.00103956
3.909832e-09,-0.000821628
4.009832e-09,-0.000541424
4.109832e-09,-0.000304029
4.209832e-09,-0.000332568
4.309832e-09,-0.000352027
4.409832e-09,-0.000331271
4.509832e-09,-0.000617961
4.609832e-09,-0.0011654
4.709832e-09,-0.00124712
4.809832e-09,-0.0011161
4.909832e-09,-0.00104864
5.009832e-09,-0.000689309
5.109832e-09,-0.000328676
5.209832e-09,-0.000438942
5.309832e-09,-0.00084887
5.409832e-09,-0.000610177
5.509832e-09,-0.000525857
5.609832e-09,-0.000904651
5.709832e-09,-0.000573855
5.809832e-09,-0.000398727
5.909832e-09,-0.000563477
6.009832e-09,-0.000353324
6.109832e-09,-0.000292354
6.209832e-09,-0.000506398
6.309832e-09,-0.000536235
6.409832e-09,-0.00034554
6.509832e-09,-0.000444131
6.609832e-09,-0.000566071
6.709832e-09,-0.000201547
6.809832e-09,4.23345e-05
6.909832e-09,-0.000152252
7.009832e-09,-0.00049602
7.109832e-09,-0.000695795
7.209832e-09,-0.000540126
7.309832e-09,-0.000454509
7.409832e-09,-0.000668553
7.509832e-09,-0.000843681
7.609832e-09,-0.000991566
7.709832e-09,-0.000892976
7.809832e-09,-0.000367593
7.909832e-09,3.19565e-05
8.009832e-09,1.37952e-05
8.109832e-09,-3.0311e-05
8.209832e-09,4.71448e-06
8.309832e-09,-9.55516e-06
8.409832e-09,-0.000285867
8.509832e-09,-0.000416889
8.609832e-09,-0.00016263
8.709832e-09,-1.77172e-06
8.809832e-09,-0.0002703
8.909832e-09,-0.000703579
9.009832e-09,-0.000431158
9.109832e-09,-8.73896e-05
9.209832e-09,-5.10669e-05
9.309832e-09,2.15786e-05
9.409832e-09,-0.000152252
9.509832e-09,-0.000354621
9.609832e-09,-0.000629636
9.709832e-09,-0.000737307
9.809832e-09,-0.000498615
9.909832e-09,-0.000748982
1.000983e-08,-0.000942271
1.010983e-08,-0.000649095
1.020983e-08,-0.000362405
1.030983e-08,-0.000149657
1.040983e-08,-0.000575152
1.050983e-08,-0.000804763
1.060983e-08,-0.000602394
1.070983e-08,-0.000821628
1.080983e-08,-0.00088649
1.090983e-08,-0.000804763
1.100983e-08,-0.000710065
1.110983e-08,-0.000632231
1.120983e-08,-0.0004117
1.130983e-08,-0.000257328
1.140983e-08,-0.000790494
1.150983e-08,-0.000815141
1.160983e-08,-0.000424672
1.170983e-08,-0.000642608
1.180983e-08,-0.000594611
1.190983e-08,-0.000152252
1.200983e-08,-0.000400024
1.210983e-08,-0.000900759
1.220983e-08,-0.000860545
1.230983e-08,-0.000803466
1.240983e-08,-0.000717848
1.250983e-08,-0.000627042
1.260983e-08,-0.000689309
1.270983e-08,-0.000532343
1.280983e-08,-0.00032219
1.290983e-08,-0.000460995
1.300983e-08,-0.000559585
1.310983e-08,-0.000202844
1.320983e-08,-9.77675e-05
1.330983e-08,-0.000632231
1.340983e-08,-0.000778819
1.350983e-08,-0.000468778
1.360983e-08,-0.000620555
1.370983e-08,-0.00073601
1.380983e-08,-0.000499912
1.390983e-08,-0.000195061
1.400983e-08,1.89841e-05
1.410983e-08,2.12e-06
1.420983e-08,-1.99331e-05
1.430983e-08,-0.000275489
1.440983e-08,-0.00042078
1.450983e-08,-0.000161332
1.460983e-08,-0.000415591
1.470983e-08,-0.000887787
1.480983e-08,-0.000865734
1.490983e-08,-0.000665959
1.500983e-08,-0.000647797
1.510983e-08,-0.000550504
1.520983e-08,-0.000183385
1.530983e-08,-0.000113334
1.540983e-08,-0.000350729
1.550983e-08,-0.000366296
1.560983e-08,-0.000317001
1.570983e-08,-0.000485642
1.580983e-08,-0.000406511
1.590983e-08,-0.000137982
1.600983e-08,-0.00043505
1.610983e-08,-0.000741199
1.620983e-08,-0.000521965
1.630983e-08,-0.000317001
1.640983e-08,-0.000192466
1.650983e-08,0.000269352
1.660983e-08,0.000430209
1.670983e-08,-9.55516e-06
1.680983e-08,-0.000211925
1.690983e-08,-0.000302731
1.700983e-08,-0.000375377
1.710983e-08,-0.000323487
1.720983e-08,-0.000202844
1.730983e-08,2.12e-06
1.740983e-08,1.50924e-05
1.750983e-08,-0.000300137
1.760983e-08,-0.000549207
1.770983e-08,-0.000642608
1.780983e-08,-0.00056218
1.790983e-08,-0.000315704
1.800983e-08,-0.0004584
1.810983e-08,-0.000427267
1.820983e-08,-0.000131496
1.830983e-08,-0.000158738
1.840983e-08,-0.000470075
1.850983e-08,-0.000572557
1.860983e-08,-0.000329974
1.870983e-08,-0.00030792
1.880983e-08,-0.000502506
1.890983e-08,-0.000672445
1.900983e-08,-0.000415591
1.910983e-08,3.06593e-05
1.920983e-08,2.67676e-05
1.930983e-08,-0.000178196
1.940983e-08,-0.000611475
1.950983e-08,-0.000634825
1.960983e-08,-0.000272895
1.970983e-08,-0.00074509
1.980983e-08,-0.0011187
1.990983e-08,-0.000828114
2.000983e-08,-0.000518073
2.010983e-08,-0.0004584
2.020983e-08,-0.000394836
2.030983e-08,-0.000153549
2.040983e-08,-0.000150954
2.050983e-08,-5.62558e-05
2.060983e-08,4.23345e-05
2.070983e-08,-2.90138e-05
2.080983e-08,-5.66344e-06
2.090983e-08,-1.77172e-06
2.100983e-08,-1.21496e-05
2.110983e-08,-0.000143171
2.120983e-08,-0.000352027
2.130983e-08,-8.22006e-05
2.140983e-08,8.90351e-05
2.150983e-08,-0.000192466
2.160983e-08,-0.000205438
2.170983e-08,-0.000144468
2.180983e-08,-0.000184683
2.190983e-08,-0.000448022
2.200983e-08,-0.000720443
2.210983e-08,-0.000672445
2.220983e-08,-0.000656878
2.230983e-08,-0.000542721
2.240983e-08,-0.000184683
2.250983e-08,0.000161681
2.260983e-08,0.000200598
2.270983e-08,-0.000145765
2.280983e-08,-0.000519371
2.290983e-08,-0.000819033
2.300983e-08,-0.00102529
2.310983e-08,-0.000737307
2.320983e-08,-0.000302731
2.330983e-08,-0.000306623
2.340983e-08,-0.00023268
2.350983e-08,-0.000118523
2.360983e-08,-0.000332568
2.370983e-08,-0.000377971
2.380983e-08,-0.000451914
2.390983e-08,-0.000691904
2.400983e-08,-0.000554396
2.410983e-08,-0.00030792
2.420983e-08,-0.000604988
2.430983e-08,-0.000904651
2.440983e-08,-0.000828114
2.450983e-08,-0.000688012
2.460983e-08,-0.000366296
2.470983e-08,-0.0004117
2.480983e-08,-0.000445428
2.490983e-08,7.30896e-06
2.500983e-08,-0.0002236
2.510983e-08,-0.000602394
2.520983e-08,-0.000210627
2.530983e-08,5.66041e-05
2.540983e-08,-2.25276e-05
2.550983e-08,-0.000150954
2.560983e-08,-0.000342946
2.570983e-08,-0.000363702
2.580983e-08,-0.000459698
2.590983e-08,-0.000689309
2.600983e-08,-0.000690606
2.610983e-08,-0.000239167
2.620983e-08,0.000214867
2.630983e-08,-9.64703e-05
2.640983e-08,-0.000280678
2.650983e-08,2.15786e-05
2.660983e-08,-0.000254734
2.670983e-08,-0.000584233
2.680983e-08,-0.000492129
2.690983e-08,-0.000355918
2.700983e-08,-3.55e-05
2.710983e-08,-7.96061e-05
2.720983e-08,-0.000388349
2.730983e-08,-0.000348135
2.740983e-08,-0.000319596
2.750983e-08,-0.000213222
2.760983e-08,-0.000128901
2.770983e-08,-0.000331271
2.780983e-08,-0.000376674
2.790983e-08,-3.93917e-05
2.800983e-08,6.56848e-05
2.810983e-08,-0.000187277
2.820983e-08,-0.000202844
2.830983e-08,-0.000285867
2.840983e-08,-0.000250842
2.850983e-08,-0.000112037
2.860983e-08,-0.000195061
2.870983e-08,-0.000174305
2.880983e-08,-0.000165224
2.890983e-08,-0.000317001
2.900983e-08,-0.000514182
2.910983e-08,-0.000387052
2.920983e-08,-0.000283273
2.930983e-08,-0.000366296
2.940983e-08,-0.000335162
2.950983e-08,-0.00047267
2.960983e-08,-0.000688012
2.970983e-08,-0.0004117
2.980983e-08,-0.000381863
2.990983e-08,-0.000592016
3.000983e-08,-6.2742e-05
3.010983e-08,-2.12303e-05
3.020983e-08,-0.000285867
3.030983e-08,0.000142222
3.040983e-08,0.000240812
3.050983e-08,-0.000170413
3.060983e-08,-0.00037408
3.070983e-08,-0.000197655
3.080983e-08,-0.000126307
3.090983e-08,-0.000475264
3.100983e-08,-0.000577746
3.110983e-08,-0.00018598
3.120983e-08,3.32538e-05
3.130983e-08,-0.000149657
3.140983e-08,-0.000494723
3.150983e-08,-0.00042078
3.160983e-08,-0.000127604
3.170983e-08,-0.000163927
3.180983e-08,-0.000191169
3.190983e-08,-2.38248e-05
3.200983e-08,0.00016687
3.210983e-08,3.974e-05
3.220983e-08,-6.2742e-05
3.230983e-08,1.89841e-05
3.240983e-08,-1.08524e-05
3.250983e-08,-0.000149657
3.260983e-08,-0.00034554
3.270983e-08,-0.000361107
3.280983e-08,-0.00032219
3.290983e-08,-0.000483048
3.300983e-08,-0.000544018
3.310983e-08,-0.000483048
3.320983e-08,-0.000647797
3.330983e-08,-0.000851464
3.340983e-08,-0.000991566
3.350983e-08,-0.000890381
3.360983e-08,-0.000645203
3.370983e-08,-0.000654284
3.380983e-08,-0.000551802
3.390983e-08,-0.000318298
3.400983e-08,-0.000459698
3.410983e-08,-0.00056218
3.420983e-08,-0.000200249
3.430983e-08,3.974e-05
3.440983e-08,-1.21496e-05
3.450983e-08,-1.47441e-05
3.460983e-08,-0.000137982
3.470983e-08,-0.000492129
3.480983e-08,-0.000978594
3.490983e-08,-0.00122247
3.500983e-08,-0.00074509
3.510983e-08,-0.000406511
3.520983e-08,-0.000672445
3.530983e-08,-0.000854059
3.540983e-08,-0.000982485
3.550983e-08,-0.00103438
3.560983e-08,-0.000711362
3.570983e-08,-0.000457103
3.580983e-08,-0.0006465
3.590983e-08,-0.000582935
3.600983e-08,-0.000575152
3.610983e-08,-0.000738604
3.620983e-08,-0.000511587
3.630983e-08,-0.000599799
3.640983e-08,-0.000602394
3.650983e-08,-0.000297543
3.660983e-08,-0.000460995
3.670983e-08,-0.000429861
3.680983e-08,9.90344e-06
3.690983e-08,-0.000230086
3.700983e-08,-0.000597205
3.710983e-08,-0.000350729
3.720983e-08,-0.000287165
3.730983e-08,-0.00037408
3.740983e-08,-0.000189872
3.750983e-08,-0.000131496
3.760983e-08,-0.000335162
3.770983e-08,-0.000372782
3.780983e-08,-0.000317001
3.790983e-08,-0.000346838
3.800983e-08,-0.000477859
3.810983e-08,-0.000403916
3.820983e-08,-0.000143171
3.830983e-08,-0.000294948
3.840983e-08,-0.000122415
3.850983e-08,0.000379617
3.860983e-08,0.000496369
3.870983e-08,0.000493774
3.880983e-08,0.00021357
3.890983e-08,7.99544e-05
3.900983e-08,6.17931e-05
3.910983e-08,-0.000192466
3.920983e-08,-0.00033646
3.930983e-08,-0.000769738
3.940983e-08,-0.000808655
3.950983e-08,-1.99331e-05
3.960983e-08,0.000257676
3.970983e-08,-2.38248e-05
3.980983e-08,-0.000178196
3.990983e-08,-0.000323487
4.000983e-08,-0.000231383
4.010983e-08,2.15786e-05
4.020983e-08,8.6062e-06
4.030983e-08,-0.000163927
4.040983e-08,-0.000204141
4.050983e-08,-1.60414e-05
4.060983e-08,0.000165572
4.070983e-08,3.84427e-05
4.080983e-08,-0.000198952
4.090983e-08,-4.97696e-05
4.100983e-08,-0.000226194
4.110983e-08,-0.000446725
4.120983e-08,-1.73386e-05
4.130983e-08,0.000207084
4.140983e-08,0.000147411
4.150983e-08,1.76869e-05
4.160983e-08,-0.000179494
4.170983e-08,-0.000333865
4.180983e-08,-0.000362405
4.190983e-08,-0.000187277
4.200983e-08,8.22762e-07
4.210983e-08,1.12007e-05
4.220983e-08,-0.000158738
4.230983e-08,-0.00034554
4.240983e-08,-0.00049602
4.250983e-08,-0.000529749
4.260983e-08,-0.000490831
4.270983e-08,-0.0006465
4.280983e-08,-0.000573855
4.290983e-08,-0.000442833
4.300983e-08,-0.000668553
4.310983e-08,-0.000710065
4.320983e-08,-0.000367593
4.330983e-08,-0.000269003
4.340983e-08,-0.000518073
4.350983e-08,-0.000258625
4.360983e-08,6.95765e-05
4.370983e-08,-0.000156143
4.380983e-08,-0.000363702
4.390983e-08,-0.000346838
4.400983e-08,-0.000467481
4.410983e-08,-0.000550504
4.420983e-08,-0.00034554
4.430983e-08,-0.000163927
4.440983e-08,-1.99331e-05
4.450983e-08,2.02814e-05
4.460983e-08,-0.00029884
4.470983e-08,-0.000414294
4.480983e-08,-2.12303e-05
4.490983e-08,-7.44172e-05
4.500983e-08,-0.000534937
4.510983e-08,-0.000826817
4.520983e-08,-0.000877409
4.530983e-08,-0.000675039
4.540983e-08,-0.000774927
4.550983e-08,-0.000899462
4.560983e-08,-0.00094746
4.570983e-08,-0.000908543
4.580983e-08,-0.000506398
4.590983e-08,-0.000581638
4.600983e-08,-0.000615366
4.610983e-08,-0.000429861
4.620983e-08,-0.000665959
4.630983e-08,-0.000576449
4.640983e-08,-0.000297543
4.650983e-08,-0.000329974
4.660983e-08,-0.000355918
4.670983e-08,-0.000467481
4.680983e-08,-0.00054791
4.690983e-08,-0.00062315
4.700983e-08,-0.000713957
4.710983e-08,-0.000240464
4.720983e-08,0.000222651
4.730983e-08,0.000173356
4.740983e-08,-4.3662e-06
4.750983e-08,-0.000170413
4.760983e-08,-0.000335162
4.770983e-08,-0.000363702
4.780983e-08,-0.000323487
4.790983e-08,-0.000481751
4.800983e-08,-0.000546613
4.810983e-08,-0.000344243
4.820983e-08,-0.000304029
4.830983e-08,-0.0002236
4.840983e-08,1.24979e-05
4.850983e-08,-0.000123712
4.860983e-08,-0.00023268
4.870983e-08,-5.66344e-06
4.880983e-08,-0.00011074
4.890983e-08,-0.000237869
4.900983e-08,-0.000144468
4.910983e-08,-0.000314407
4.920983e-08,-0.000384458
4.930983e-08,-0.000313109
4.940983e-08,-0.000483048
4.950983e-08,-0.000685417
4.960983e-08,-0.000686715
4.970983e-08,-0.000380566
4.980983e-08,-0.000127604
4.990983e-08,-0.00044932
5.000983e-08,-0.000734712
5.010983e-08,-0.000385755
5.020983e-08,-0.000249545
5.030983e-08,-0.000527154
5.040983e-08,-0.000394836
5.050983e-08,2.12e-06
5.060983e-08,4.10372e-05
5.070983e-08,-0.000455806
5.080983e-08,-0.000611475
5.090983e-08,-0.000305326
5.100983e-08,-0.000176899
5.110983e-08,-0.000160035
5.120983e-08,-0.000180791
5.130983e-08,0.000104602
5.140983e-08,0.000102008
5.150983e-08,-0.000227492
5.160983e-08,-0.000184683
5.170983e-08,0.000125358
5.180983e-08,0.000362753
5.190983e-08,-8.47951e-05
5.200983e-08,-0.000305326
5.210983e-08,0.000172058
5.220983e-08,8.64406e-05
5.230983e-08,-0.00051029
5.240983e-08,-0.000448022
5.250983e-08,0.000172058
5.260983e-08,0.000239515
5.270983e-08,-0.000175602
5.280983e-08,-0.000368891
5.290983e-08,-0.000337757
5.300983e-08,-0.000471373
5.310983e-08,-0.000549207
5.320983e-08,-0.000483048
5.330983e-08,-0.000785305
5.340983e-08,-0.00078271
5.350983e-08,-0.000310515
5.360983e-08,-0.000288462
5.370983e-08,-0.000381863
5.380983e-08,-0.000320893
5.390983e-08,-0.000340351
5.400983e-08,-0.000481751
5.410983e-08,-0.000678931
5.420983e-08,-0.000415591
5.430983e-08,-0.000243058
5.440983e-08,-0.000387052
5.450983e-08,-0.000192466
5.460983e-08,-0.000401322
5.470983e-08,-0.000751577
5.480983e-08,-0.000662067
5.490983e-08,-0.000656878
5.500983e-08,-0.000685417
5.510983e-08,-0.000664662
5.520983e-08,-0.000672445
5.530983e-08,-0.000809952
5.540983e-08,-0.000876112
5.550983e-08,-0.000816439
5.560983e-08,-0.000841086
5.570983e-08,-0.000839789
5.580983e-08,-0.000972107
5.590983e-08,-0.00104475
5.600983e-08,-0.00111999
5.610983e-08,-0.00107459
5.620983e-08,-0.000808655
5.630983e-08,-0.000541424
5.640983e-08,-0.00017171
5.650983e-08,-0.00026122
5.660983e-08,-0.000553099
5.670983e-08,-0.000511587
5.680983e-08,-0.000764549
5.690983e-08,-0.00106551
5.700983e-08,-0.00099935
5.710983e-08,-0.000990269
5.720983e-08,-0.000462292
5.730983e-08,-0.000174305
5.740983e-08,-0.000697093
5.750983e-08,-0.000737307
5.760983e-08,-0.000617961
5.770983e-08,-0.000555693
5.780983e-08,-0.000326082
5.790983e-08,-0.000314407
5.800983e-08,-0.000222303
5.810983e-08,1.24979e-05
5.820983e-08,-0.000126307
5.830983e-08,-0.000368891
5.840983e-08,-0.000488237
5.850983e-08,-0.000667256
5.860983e-08,-0.000699687
5.870983e-08,-0.000514182
5.880983e-08,-0.000471373
5.890983e-08,-0.000525857
5.900983e-08,-0.000361107
5.910983e-08,-0.000573855
5.920983e-08,-0.000912434
5.930983e-08,-0.000554396
5.940983e-08,-0.00054791
5.950983e-08,-0.000764549
5.960983e-08,-0.000361107
5.970983e-08,-0.000119821
5.980983e-08,-4.71751e-05
5.990983e-08,-0.000248247
6.000983e-08,-0.000569963
6.010983e-08,-0.000642608
6.020983e-08,-0.000833303
6.030983e-08,-0.000593313
6.040983e-08,-0.000127604
6.050983e-08,-0.000279381
6.060983e-08,-0.000550504
6.070983e-08,-0.000508993
6.080983e-08,-0.000490831
6.090983e-08,-0.000514182
6.100983e-08,-0.000363702
6.110983e-08,-0.000161332
6.120983e-08,-0.000293651
6.130983e-08,-0.000118523
6.140983e-08,0.00023692
6.150983e-08,1.63896e-05
6.160983e-08,-0.000202844
6.170983e-08,-0.000178196
6.180983e-08,-2.5122e-05
6.190983e-08,0.000165572
6.200983e-08,0.000179842
6.210983e-08,6.01172e-06
6.220983e-08,-0.000179494
6.230983e-08,-0.000329974
6.240983e-08,-0.000502506
6.250983e-08,-0.000392241
6.260983e-08,-0.000283273
6.270983e-08,-0.000640014
6.280983e-08,-0.000610177
6.290983e-08,-0.000143171
6.300983e-08,-0.000126307
6.310983e-08,-7.57144e-05
6.320983e-08,0.000463938
6.330983e-08,0.000450965
6.340983e-08,-0.000189872
6.350983e-08,-0.000392241
6.360983e-08,-0.000179494
6.370983e-08,-0.000135387
6.380983e-08,-0.000197655
6.390983e-08,-0.000165224
6.400983e-08,-0.00017171
6.410983e-08,-3.80944e-05
6.420983e-08,-0.000102956
6.430983e-08,-0.000371485
6.440983e-08,-0.000493426
6.450983e-08,-0.000387052
6.460983e-08,-1.34469e-05
6.470983e-08,5.14151e-05
6.480983e-08,-0.000184683
6.490983e-08,-0.000476562
6.500983e-08,-0.000563477
6.510983e-08,-0.000335162
6.520983e-08,-0.000582935
6.530983e-08,-0.000912434
6.540983e-08,-0.000828114
6.550983e-08,-0.000824222
6.560983e-08,-0.000711362
6.570983e-08,-0.00048694
6.580983e-08,-0.000763252
6.590983e-08,-0.000934487
6.600983e-08,-0.000789197
6.610983e-08,-0.00112129
6.620983e-08,-0.000842383
6.630983e-08,-0.000364999
6.640983e-08,-0.000537532
6.650983e-08,-0.000656878
6.660983e-08,-0.00110443
6.670983e-08,-0.00128085
6.680983e-08,-0.00110832
6.690983e-08,-0.00118356
6.700983e-08,-0.000761955
6.710983e-08,-0.000403916
6.720983e-08,-0.000531046
6.730983e-08,-0.000511587
6.740983e-08,-0.000768441
6.750983e-08,-0.00092411
6.760983e-08,-0.000794386
6.770983e-08,-0.000706173
6.780983e-08,-0.000362405
6.790983e-08,-0.000686715
6.800983e-08,-0.00113556
6.810983e-08,-0.000694498
6.820983e-08,-0.000580341
6.830983e-08,-0.000868328
6.840983e-08,-0.00113426
6.850983e-08,-0.00122637
6.860983e-08,-0.000863139
6.870983e-08,-0.000625744
6.880983e-08,-0.000676337
6.890983e-08,-0.000678931
6.900983e-08,-0.000940974
6.910983e-08,-0.00094746
6.920983e-08,-0.000617961
6.930983e-08,-0.00079698
6.940983e-08,-0.000761955
6.950983e-08,-0.000597205
6.960983e-08,-0.000837194
6.970983e-08,-0.000738604
6.980983e-08,-0.000464887
6.990983e-08,-0.000633528
7.000983e-08,-0.000865734
7.010983e-08,-0.00098508
7.020983e-08,-0.00102919
7.030983e-08,-0.000852761
7.040983e-08,-0.00066077
7.050983e-08,-0.000654284
7.060983e-08,-0.00054791
7.070983e-08,-0.000597205
7.080983e-08,-0.000730821
7.090983e-08,-0.000372782
7.100983e-08,-0.000534937
7.110983e-08,-0.000937082
7.120983e-08,-0.000824222
7.130983e-08,-0.00082033
7.140983e-08,-0.000440239
7.150983e-08,6.43875e-05
7.160983e-08,-0.000127604
7.170983e-08,-0.000380566
7.180983e-08,-0.000479156
7.190983e-08,-0.000671148
7.200983e-08,-0.000423375
7.210983e-08,-0.000101659
7.220983e-08,-0.000318298
7.230983e-08,-0.000254734
7.240983e-08,3.71455e-05
7.250983e-08,3.41724e-06
7.260983e-08,-0.000163927
7.270983e-08,-0.000340351
7.280983e-08,-0.000499912
7.290983e-08,-0.000667256
7.300983e-08,-0.000558288
7.310983e-08,-0.00044932
7.320983e-08,-0.000806061
7.330983e-08,-0.000913732
7.340983e-08,-0.000515479
7.350983e-08,-0.000437644
7.360983e-08,-0.0004117
7.370983e-08,-0.000147063
7.380983e-08,-0.000289759
7.390983e-08,-0.000538829
7.400983e-08,-0.000514182
7.410983e-08,-0.000490831
7.420983e-08,-0.000514182
7.430983e-08,-8.86868e-05
7.440983e-08,-2.5122e-05
7.450983e-08,-0.000689309
7.460983e-08,-0.000483048
7.470983e-08,-5.49586e-05
7.480983e-08,-0.00033646
7.490983e-08,-0.000253436
7.500983e-08,-0.000372782
7.510983e-08,-0.000894273
7.520983e-08,-0.000597205
7.530983e-08,-0.000384458
7.540983e-08,-0.000703579
7.550983e-08,-0.000699687
7.560983e-08,-0.000503804
7.570983e-08,-0.000340351
7.580983e-08,-0.000455806
7.590983e-08,-0.0008346
7.600983e-08,-0.000754171
7.610983e-08,-0.000455806
7.620983e-08,-0.00035981
7.630983e-08,-0.000179494
7.640983e-08,-0.000280678
7.650983e-08,-0.000537532
7.660983e-08,-0.000518073
7.670983e-08,-0.000349432
7.680983e-08,-0.000170413
7.690983e-08,-0.000289759
7.700983e-08,-0.000671148
7.710983e-08,-0.000724335
7.720983e-08,-0.00049602
7.730983e-08,-0.000339054
7.740983e-08,-0.000320893
7.750983e-08,-0.000350729
7.760983e-08,-0.000611475
7.770983e-08,-0.000611475
7.780983e-08,-0.000150954
7.790983e-08,-0.000396133
7.800983e-08,-0.000628339
7.810983e-08,-0.000309218
7.820983e-08,-0.000445428
7.830983e-08,-0.000713957
7.840983e-08,-0.000815141
7.850983e-08,-0.00100065
7.860983e-08,-0.000894273
7.870983e-08,-0.000640014
7.880983e-08,-0.000795683
7.890983e-08,-0.000756766
7.900983e-08,-0.000187277
7.910983e-08,-0.000217114
7.920983e-08,-0.000716551
7.930983e-08,-0.000711362
7.940983e-08,-0.000769738
7.950983e-08,-0.00089557
7.960983e-08,-0.000538829
7.970983e-08,-0.000287165
7.980983e-08,-0.000346838
7.990983e-08,-0.00020933
8.000983e-08,1.24979e-05
8.010983e-08,8.6062e-06
8.020983e-08,-0.000161332
8.030983e-08,-6.7931e-05
8.040983e-08,5.14151e-05
8.050983e-08,-3.29055e-05
8.060983e-08,0.000133141
8.070983e-08,-0.00020933
8.080983e-08,-0.000484345
8.090983e-08,4.71448e-06
8.100983e-08,-7.44172e-05
8.110983e-08,-0.000542721
8.120983e-08,-0.00082033
8.130983e-08,-0.00101881
8.140983e-08,-0.00101881
8.150983e-08,-0.000988972
8.160983e-08,-0.000733415
8.170983e-08,-0.000314407
8.180983e-08,-0.000436347
8.190983e-08,-0.000302731
8.200983e-08,0.000217462
8.210983e-08,-0.000221005
8.220983e-08,-0.000636122
8.230983e-08,-0.000326082
8.240983e-08,-0.000156143
8.250983e-08,-0.000306623
8.260983e-08,-0.00066077
8.270983e-08,-0.000313109
8.280983e-08,0.000120169
8.290983e-08,-0.000176899
8.300983e-08,-0.0002236
8.310983e-08,-0.0004117
8.320983e-08,-0.000460995
8.330983e-08,1.76869e-05
8.340983e-08,-8.99841e-05
8.350983e-08,-0.000396133
8.360983e-08,-0.000477859
8.370983e-08,-0.000529749
8.380983e-08,-0.000357216
8.390983e-08,-0.000436347
8.400983e-08,-0.000429861
8.410983e-08,-0.000135387
8.420983e-08,-0.000154846
8.430983e-08,-5.75531e-05
8.440983e-08,0.000321241
8.450983e-08,0.000519719
8.460983e-08,-5.88503e-05
8.470983e-08,-0.000754171
8.480983e-08,-0.000566071
8.490983e-08,-0.000144468
8.500983e-08,8.22762e-07
8.510983e-08,0.000139627
8.520983e-08,0.000191517
8.530983e-08,0.000142222
8.540983e-08,0.000162978
8.550983e-08,-0.000114632
8.560983e-08,-0.000256031
8.570983e-08,7.30896e-06
8.580983e-08,-0.000250842
8.590983e-08,-0.000582935
8.600983e-08,-0.000355918
8.610983e-08,-0.000287165
8.620983e-08,-0.000371485
8.630983e-08,-5.36613e-05
8.640983e-08,0.000212273
8.650983e-08,-0.000122415
8.660983e-08,-0.000401322
8.670983e-08,-0.000328676
8.680983e-08,-0.000192466
8.690983e-08,-0.000280678
8.700983e-08,-0.000532343
8.710983e-08,-0.000245653
8.720983e-08,-0.000211925
8.730983e-08,-0.000428564
8.740983e-08,-0.000170413
8.750983e-08,-0.000267706
8.760983e-08,-0.000410402
8.770983e-08,-0.000444131
8.780983e-08,-0.000686715
8.790983e-08,-0.000697093
8.800983e-08,-0.00051029
8.810983e-08,-6.01475e-05
8.820983e-08,-0.000182088
8.830983e-08,-0.000887787
8.840983e-08,-0.000903354
8.850983e-08,-0.000638717
8.860983e-08,-0.000656878
8.870983e-08,-0.000688012
8.880983e-08,-0.000387052
8.890983e-08,-0.000122415
8.900983e-08,-3.67972e-05
8.910983e-08,-0.000254734
8.920983e-08,-0.000567368
8.930983e-08,-0.000366296
8.940983e-08,-0.00042078
8.950983e-08,-0.000716551
8.960983e-08,-0.000544018
8.970983e-08,-0.00030792
8.980983e-08,-0.000331271
8.990983e-08,-0.000214519
9.000983e-08,-0.00012501
9.010983e-08,-0.000332568
9.020983e-08,-0.000514182
9.030983e-08,-0.000520668
9.040983e-08,-0.000354621
9.050983e-08,-0.000304029
9.060983e-08,-0.000221005
9.070983e-08,-0.000266409
9.080983e-08,-0.000534937
9.090983e-08,-0.000523262
9.100983e-08,-0.000483048
9.110983e-08,-0.000515479
9.120983e-08,-0.000364999
9.130983e-08,-0.000297543
9.140983e-08,-0.000361107
9.150983e-08,-0.000196358
9.160983e-08,-0.000130199
9.170983e-08,-5.88503e-05
9.180983e-08,-0.000100362
9.190983e-08,-0.000506398
9.200983e-08,-0.000702281
9.210983e-08,-0.000531046
9.220983e-08,-0.000183385
9.230983e-08,-0.000117226
9.240983e-08,-0.000346838
9.250983e-08,-0.000643906
9.260983e-08,-0.000728226
9.270983e-08,-0.000501209
9.280983e-08,-0.000748982
9.290983e-08,-0.000803466
9.300983e-08,-0.000581638
9.310983e-08,-0.000837194
9.320983e-08,-0.000743793
9.330983e-08,-0.00073601
9.340983e-08,-0.00104735
9.350983e-08,-0.000881301
9.360983e-08,-0.000636122
9.370983e-08,-0.000525857
9.380983e-08,-0.000479156
9.390983e-08,-0.000655581
9.400983e-08,-0.000433753
9.410983e-08,-0.000236572
9.420983e-08,-0.000523262
9.430983e-08,-0.000538829
9.440983e-08,-0.000614069
9.450983e-08,-0.00058553
9.460983e-08,-0.000444131
9.470983e-08,-0.000250842
9.480983e-08,-9.5173e-05
9.490983e-08,-0.000620555
9.500983e-08,-0.000512884
9.510983e-08,-5.10669e-05
9.520983e-08,-0.000192466
9.530983e-08,-0.000191169
9.540983e-08,-0.000429861
9.550983e-08,-0.000594611
9.560983e-08,-0.000462292
9.570983e-08,-0.000511587
9.580983e-08,-0.00037408
9.590983e-08,-0.000429861
9.600983e-08,-0.000568666
9.610983e-08,-0.000341649
9.620983e-08,-0.000437644
9.630983e-08,-0.00057126
9.640983e-08,-0.000475264
9.650983e-08,-0.0006465
9.660983e-08,-0.000716551
9.670983e-08,-0.000645203
9.680983e-08,-0.000540126
9.690983e-08,-0.000467481
9.700983e-08,-0.000521965
9.710983e-08,-0.000641311
9.720983e-08,-0.00070747
9.730983e-08,-0.000654284
9.740983e-08,-0.000672445
9.750983e-08,-0.000536235
9.760983e-08,-0.000876112
9.770983e-08,-0.00114464
9.780983e-08,-0.000662067
9.790983e-08,-0.000737307
9.800983e-08,-0.000930596
9.810983e-08,-0.000520668
9.820983e-08,-0.000291056
9.830983e-08,-0.000210627
9.840983e-08,-0.000139279
9.850983e-08,-0.000324785
9.860983e-08,-0.000240464
9.870983e-08,2.80648e-05
9.880983e-08,6.01172e-06
9.890983e-08,-0.000301434
9.900983e-08,-0.000409105
9.910983e-08,-0.00016263
9.920983e-08,-0.000418186
9.930983e-08,-0.000885192
9.940983e-08,-0.00100454
9.950983e-08,-0.000734712
9.960983e-08,-0.00044932
9.970983e-08,-0.000506398
9.980983e-08,-0.000656878
9.990983e-08,-0.00056218
1.000098e-07,-3.55e-05
1.001098e-07,8.90351e-05
1.002098e-07,-0.000204141
1.003098e-07,-0.000333865
1.004098e-07,-0.000217114
1.005098e-07,-0.000262517
1.006098e-07,-0.000538829
1.007098e-07,-0.00066077
1.008098e-07,-0.000828114
1.009098e-07,-0.000730821
1.010098e-07,-0.000611475
1.011098e-07,-0.000697093
1.012098e-07,-0.000668553
1.013098e-07,-0.000803466
1.014098e-07,-0.00102011
1.015098e-07,-0.000881301
1.016098e-07,-0.000505101
1.017098e-07,-0.000451914
1.018098e-07,-0.000541424
1.019098e-07,-0.000630933
1.020098e-07,-0.000710065
1.021098e-07,-0.000379269
1.022098e-07,-0.000122415
1.023098e-07,-0.000315704
1.024098e-07,-0.000388349
1.025098e-07,-0.000173007
1.026098e-07,-0.000416889
1.027098e-07,-0.000607583
1.028098e-07,-0.000457103
1.029098e-07,-0.000650392
1.030098e-07,-0.000581638
1.031098e-07,-0.000160035
1.032098e-07,-0.000259923
1.033098e-07,-0.000693201
1.034098e-07,-0.000579044
1.035098e-07,-0.000427267
1.036098e-07,-0.000678931
1.037098e-07,-0.000568666
1.038098e-07,-0.000437644
1.039098e-07,-0.000536235
1.040098e-07,-0.000501209
1.041098e-07,-0.000637419
1.042098e-07,-0.000579044
1.043098e-07,-0.000166521
1.044098e-07,2.02814e-05
1.045098e-07,0.000130547
1.046098e-07,-8.34979e-05
1.047098e-07,-0.000682823
1.048098e-07,-0.000747685
1.049098e-07,-0.000339054
1.050098e-07,-0.000141874
1.051098e-07,-0.000313109
1.052098e-07,-0.000385755
