LECROYWaveRunner„U,21892,Waveform
Segments,1,SegmentSize,2002
Segment,TrigTime,TimeSinceSegment1
#1,15-Jun-2021 15:24:40,0                 
Time,Ampl
-9.488417e-08,-0.000175127
-9.478417e-08,-0.00015048
-9.468417e-08,-0.000312635
-9.458417e-08,-0.000230909
-9.448417e-08,0.000171236
-9.438417e-08,0.000220531
-9.428417e-08,0.000264637
-9.418417e-08,0.000524085
-9.408417e-08,0.000380091
-9.398417e-08,-5.18896e-06
-9.388417e-08,-4.92951e-05
-9.378417e-08,0.000172533
-9.368417e-08,0.000193289
-9.358417e-08,0.000282798
-9.348417e-08,0.000380091
-9.338417e-08,0.00017383
-9.328417e-08,0.00012713
-9.318417e-08,0.000329499
-9.308417e-08,0.000502032
-9.298417e-08,0.000516302
-9.288417e-08,0.000483871
-9.278417e-08,0.000503329
-9.268417e-08,0.000635648
-9.258417e-08,0.000701807
-9.248417e-08,0.000368416
-9.238417e-08,-2.07558e-05
-9.228417e-08,-0.00017383
-9.218417e-08,-3.762e-05
-9.208417e-08,4.79979e-05
-9.198417e-08,-0.000299663
-9.188417e-08,-0.000407333
-9.178417e-08,0.00012713
-9.168417e-08,0.00013621
-9.158417e-08,-0.000242584
-9.148417e-08,-2.98365e-05
-9.138417e-08,6.22675e-05
-9.128417e-08,-3.63227e-05
-9.118417e-08,1.03779e-05
-9.108417e-08,2.59448e-06
-9.098417e-08,-0.000142696
-9.088417e-08,-0.000203667
-9.078417e-08,-0.000284096
-9.068417e-08,-0.0003762
-9.058417e-08,9.85903e-05
-9.048417e-08,0.0004229
-9.038417e-08,0.000168641
-9.028417e-08,0.000120643
-9.018417e-08,0.000473493
-9.008417e-08,0.000704401
-8.998417e-08,0.000524085
-8.988417e-08,0.000172533
-8.978417e-08,-0.000162155
-8.968417e-08,-0.000487762
-8.958417e-08,-0.000684943
-8.948417e-08,-0.000396956
-8.938417e-08,3.50255e-05
-8.928417e-08,-0.000105076
-8.918417e-08,-0.000374902
-8.908417e-08,-6.09703e-05
-8.898417e-08,9.46985e-05
-8.888417e-08,-5.05924e-05
-8.878417e-08,1.03779e-05
-8.868417e-08,-0.000131021
-8.858417e-08,-0.000214045
-8.848417e-08,-0.000278907
-8.838417e-08,-0.000238692
-8.828417e-08,0.000167344
-8.818417e-08,0.000363227
-8.808417e-08,0.000468304
-8.798417e-08,0.000394361
-8.788417e-08,0.000276312
-8.778417e-08,0.000354147
-8.768417e-08,0.000193289
-8.758417e-08,0.000120643
-8.748417e-08,0.000190694
-8.738417e-08,0.000159561
-8.728417e-08,2.59448e-05
-8.718417e-08,-0.000312635
-8.708417e-08,-0.000393064
-8.698417e-08,-0.000155669
-8.688417e-08,-0.00013621
-8.678417e-08,-0.0001881
-8.668417e-08,-1.94586e-05
-8.658417e-08,4.02144e-05
-8.648417e-08,-2.33503e-05
-8.638417e-08,5.18896e-06
-8.628417e-08,-0.00013621
-8.618417e-08,-7.13482e-05
-8.608417e-08,0.000199775
-8.598417e-08,-9.46985e-05
-8.588417e-08,-0.000265934
-8.578417e-08,0.000160858
-8.568417e-08,0.000511113
-8.558417e-08,0.000805586
-8.548417e-08,0.000608406
-8.538417e-08,0.000111563
-8.528417e-08,-3.89172e-06
-8.518417e-08,-0.000141399
-8.508417e-08,-0.000203667
-8.498417e-08,-7.78344e-06
-8.488417e-08,0.000172533
-8.478417e-08,0.000184208
-8.468417e-08,1.42696e-05
-8.458417e-08,-0.000172533
-8.448417e-08,-0.000185505
-8.438417e-08,-0.00015048
-8.428417e-08,-0.00031004
-8.418417e-08,-0.000372308
-8.408417e-08,-0.00031004
-8.398417e-08,-0.000198478
-8.388417e-08,9.08068e-06
-8.378417e-08,-0.000114157
-8.368417e-08,5.18896e-05
-8.358417e-08,0.00055003
-8.348417e-08,0.000533166
-8.338417e-08,0.000321716
-8.328417e-08,0.00031004
-8.318417e-08,0.000348958
-8.308417e-08,0.0001881
-8.298417e-08,0.000125832
-8.288417e-08,0.0001881
-8.278417e-08,0.000160858
-8.268417e-08,0.00030096
-8.258417e-08,9.98875e-05
-8.248417e-08,-0.000516302
-8.238417e-08,-0.000297068
-8.228417e-08,0.000107671
-8.218417e-08,-0.000159561
-8.208417e-08,-0.000219234
-8.198417e-08,-0.000129724
-8.188417e-08,-4.02144e-05
-8.178417e-08,0.000177722
-8.168417e-08,0.000189397
-8.158417e-08,0.000285393
-8.148417e-08,0.000241287
-8.138417e-08,-3.2431e-05
-8.128417e-08,0.000258151
-8.118417e-08,0.000708293
-8.108417e-08,0.000416414
-8.098417e-08,-0.000330796
-8.088417e-08,-0.000298365
-8.078417e-08,0.000359336
-8.068417e-08,0.000407333
-8.058417e-08,0.000409928
-8.048417e-08,0.00083672
-8.038417e-08,0.00088861
-8.028417e-08,0.00064862
-8.018417e-08,0.000502032
-8.008417e-08,0.000341174
-7.998417e-08,0.000166047
-7.988417e-08,0.000142696
-7.978417e-08,0.000181614
-7.968417e-08,0.000160858
-7.958417e-08,2.7242e-05
-7.948417e-08,-0.000175127
-7.938417e-08,-4.92951e-05
-7.928417e-08,0.000194586
-7.918417e-08,4.15117e-05
-7.908417e-08,-0.000332094
-7.898417e-08,-0.000382686
-7.888417e-08,-0.000297068
-7.878417e-08,-0.000343769
-7.868417e-08,-0.000195883
-7.858417e-08,0.000154372
-7.848417e-08,0.000221828
-7.838417e-08,-7.78344e-06
-7.828417e-08,0.000108968
-7.818417e-08,0.000228314
-7.808417e-08,-0.000138805
-7.798417e-08,-0.000241287
-7.788417e-08,0.000155669
-7.778417e-08,9.46985e-05
-7.768417e-08,-0.000359336
-7.758417e-08,-0.000515004
-7.748417e-08,-0.000360633
-7.738417e-08,-0.00015048
-7.728417e-08,-0.00028669
-7.718417e-08,-0.000664187
-7.708417e-08,-0.000716077
-7.698417e-08,-0.000490357
-7.688417e-08,-0.000469601
-7.678417e-08,-0.000520193
-7.668417e-08,-0.000627864
-7.658417e-08,-0.000704401
-7.648417e-08,-0.000508518
-7.638417e-08,-0.000321716
-7.628417e-08,-0.000179019
-7.618417e-08,-1.29724e-06
-7.608417e-08,0.000162155
-7.598417e-08,0.000189397
-7.588417e-08,0.00015048
-7.578417e-08,0.000169938
-7.568417e-08,0.000304851
-7.558417e-08,0.000646026
-7.548417e-08,0.000725157
-7.538417e-08,0.00048906
-7.528417e-08,0.000330796
-7.518417e-08,0.000177722
-7.508417e-08,0.000137507
-7.498417e-08,0.000459223
-7.488417e-08,0.000434576
-7.478417e-08,0.000250367
-7.468417e-08,0.000638242
-7.458417e-08,0.000469601
-7.448417e-08,6.35648e-05
-7.438417e-08,0.000181614
-7.428417e-08,4.41062e-05
-7.418417e-08,-5.57813e-05
-7.408417e-08,2.85393e-05
-7.398417e-08,-0.000142696
-7.388417e-08,-0.00034766
-7.378417e-08,-0.000485168
-7.368417e-08,-0.00038528
-7.358417e-08,-0.000140102
-7.348417e-08,-0.000287987
-7.338417e-08,-0.000527977
-7.328417e-08,-0.000232206
-7.318417e-08,0.000204964
-7.308417e-08,5.96731e-05
-7.298417e-08,-7.13482e-05
-7.288417e-08,3.50255e-05
-7.278417e-08,-0.000143994
-7.268417e-08,-0.000350255
-7.258417e-08,-0.000345066
-7.248417e-08,-4.28089e-05
-7.238417e-08,0.00021145
-7.228417e-08,2.7242e-05
-7.218417e-08,-5.05924e-05
-7.208417e-08,-0.000108968
-7.198417e-08,-0.000351552
-7.188417e-08,-7.78344e-05
-7.178417e-08,0.0003762
-7.168417e-08,0.00036193
-7.158417e-08,2.46476e-05
-7.148417e-08,-0.000202369
-7.138417e-08,-0.000167344
-7.128417e-08,-1.81614e-05
-7.118417e-08,3.2431e-05
-7.108417e-08,-1.81614e-05
-7.098417e-08,0.000278907
-7.088417e-08,0.00041382
-7.078417e-08,0.000289285
-7.068417e-08,0.000203667
-7.058417e-08,-6.4862e-06
-7.048417e-08,-2.7242e-05
-7.038417e-08,2.07558e-05
-7.028417e-08,-7.78344e-06
-7.018417e-08,0
-7.008417e-08,1.29724e-06
-6.998417e-08,-0.000138805
-6.988417e-08,-0.000204964
-6.978417e-08,-7.78344e-06
-6.968417e-08,3.63227e-05
-6.958417e-08,-2.33503e-05
-6.948417e-08,7.78344e-06
-6.938417e-08,1.29724e-06
-6.928417e-08,-2.59448e-06
-6.918417e-08,-0.000273718
-6.908417e-08,-0.000412522
-6.898417e-08,-0.000153074
-6.888417e-08,-0.000271123
-6.878417e-08,-0.000812072
-6.868417e-08,-0.000918446
-6.858417e-08,-0.000359336
-6.848417e-08,-9.08068e-05
-6.838417e-08,-5.31869e-05
-6.828417e-08,3.89172e-05
-6.818417e-08,-1.29724e-05
-6.808417e-08,-2.59448e-06
-6.798417e-08,-0.000132319
-6.788417e-08,-7.13482e-05
-6.778417e-08,6.09703e-05
-6.768417e-08,-2.46476e-05
-6.758417e-08,0.000138805
-6.748417e-08,0.000212747
-6.738417e-08,2.59448e-06
-6.728417e-08,-0.000171236
-6.718417e-08,-0.000182911
-6.708417e-08,-0.000153074
-6.698417e-08,-0.000171236
-6.688417e-08,-0.000166047
-6.678417e-08,-0.000302257
-6.668417e-08,-0.000649917
-6.658417e-08,-0.000722563
-6.648417e-08,-0.000627864
-6.638417e-08,-0.000537057
-6.628417e-08,-0.000185505
-6.618417e-08,-0.000238692
-6.608417e-08,-0.00055003
-6.598417e-08,-0.000368416
-6.588417e-08,-0.000134913
-6.578417e-08,-0.000158263
-6.568417e-08,-4.15117e-05
-6.558417e-08,4.67007e-05
-6.548417e-08,-2.20531e-05
-6.538417e-08,0.000141399
-6.528417e-08,7.26455e-05
-6.518417e-08,0.00021145
-6.508417e-08,0.000575975
-6.498417e-08,0.000220531
-6.488417e-08,-7.13482e-05
-6.478417e-08,1.68641e-05
-6.468417e-08,0.000143994
-6.458417e-08,0.000473493
-6.448417e-08,0.000561705
-6.438417e-08,0.000184208
-6.428417e-08,-4.15117e-05
-6.418417e-08,3.89172e-06
-6.408417e-08,0.000145291
-6.398417e-08,-7.65372e-05
-6.388417e-08,-0.000539652
-6.378417e-08,-0.000533166
-6.368417e-08,-0.00032431
-6.358417e-08,-3.2431e-05
-6.348417e-08,0.00033858
-6.338417e-08,0.000515004
-6.328417e-08,0.000229612
-6.318417e-08,7.78344e-05
-6.308417e-08,7.26455e-05
-6.298417e-08,-0.000185505
-6.288417e-08,8.30234e-05
-6.278417e-08,0.000269826
-6.268417e-08,0.000114157
-6.258417e-08,0.000175127
-6.248417e-08,0.00017383
-6.238417e-08,0.000295771
-6.228417e-08,0.000652512
-6.218417e-08,0.000997578
-6.208417e-08,0.000900285
-6.198417e-08,0.000622675
-6.188417e-08,0.000653809
-6.178417e-08,0.000406036
-6.168417e-08,0.000241287
-6.158417e-08,0.000513707
-6.148417e-08,0.000393064
-6.138417e-08,-1.16752e-05
-6.128417e-08,9.08068e-05
-6.118417e-08,0.000517599
-6.108417e-08,0.000406036
-6.098417e-08,-2.07558e-05
-6.088417e-08,-4.41062e-05
-6.078417e-08,0.000312635
-6.068417e-08,0.00053576
-6.058417e-08,0.000360633
-6.048417e-08,0.000145291
-6.038417e-08,0.000429387
-6.028417e-08,0.000591542
-6.018417e-08,0.000312635
-6.008417e-08,0.000162155
-5.998417e-08,0.000154372
-5.988417e-08,0.000450142
-5.978417e-08,0.000575975
-5.968417e-08,0.000319121
-5.958417e-08,0.00030096
-5.948417e-08,0.000495546
-5.938417e-08,0.000389172
-5.928417e-08,-2.59448e-06
-5.918417e-08,-0.000191992
-5.908417e-08,-0.000167344
-5.898417e-08,0.000116752
-5.888417e-08,0.000241287
-5.878417e-08,-1.03779e-05
-5.868417e-08,0.000106374
-5.858417e-08,9.34013e-05
-5.848417e-08,-7.0051e-05
-5.838417e-08,2.46476e-05
-5.828417e-08,-0.00013621
-5.818417e-08,-0.000214045
-5.808417e-08,-0.000140102
-5.798417e-08,-3.37282e-05
-5.788417e-08,3.762e-05
-5.778417e-08,-1.68641e-05
-5.768417e-08,0.000140102
-5.758417e-08,0.000210153
-5.748417e-08,0.000141399
-5.738417e-08,0.000171236
-5.728417e-08,-0.000107671
-5.718417e-08,-0.00024907
-5.708417e-08,1.42696e-05
-5.698417e-08,-0.000106374
-5.688417e-08,-0.000371011
-5.678417e-08,-0.000341174
-5.668417e-08,-4.02144e-05
-5.658417e-08,0.000208856
-5.648417e-08,-0.000107671
-5.638417e-08,-0.000395658
-5.628417e-08,-0.000323013
-5.618417e-08,-0.00046052
-5.608417e-08,-0.000409928
-5.598417e-08,-0.000267232
-5.588417e-08,-0.000356741
-5.578417e-08,-0.000332094
-5.568417e-08,-0.00032431
-5.558417e-08,-0.000199775
-5.548417e-08,-0.000123238
-5.538417e-08,-0.000186803
-5.528417e-08,-2.46476e-05
-5.518417e-08,4.28089e-05
-5.508417e-08,-0.000162155
-5.498417e-08,-6.22675e-05
-5.488417e-08,6.22675e-05
-5.478417e-08,-0.000166047
-5.468417e-08,-0.000203667
-5.458417e-08,-0.000140102
-5.448417e-08,-0.000175127
-5.438417e-08,-0.000166047
-5.428417e-08,-0.00030096
-5.418417e-08,-0.00051241
-5.408417e-08,-0.000517599
-5.398417e-08,-0.000343769
-5.388417e-08,-0.000299663
-5.378417e-08,-0.000490357
-5.368417e-08,-0.000394361
-5.358417e-08,-0.000269826
-5.348417e-08,-0.000496843
-5.338417e-08,-0.00053576
-5.328417e-08,-0.000609703
-5.318417e-08,-0.000713482
-5.308417e-08,-0.000230909
-5.298417e-08,-4.67007e-05
-5.288417e-08,-0.000508518
-5.278417e-08,-0.00070051
-5.268417e-08,-0.000656404
-5.258417e-08,-0.00038528
-5.248417e-08,-0.000256854
-5.238417e-08,-0.000508518
-5.228417e-08,-0.000669376
-5.218417e-08,-0.000815964
-5.208417e-08,-0.00086007
-5.198417e-08,-0.000812072
-5.188417e-08,-0.00097293
-5.178417e-08,-0.0011753
-5.168417e-08,-0.0014555
-5.158417e-08,-0.00169679
-5.148417e-08,-0.00180316
-5.138417e-08,-0.00212877
-5.128417e-08,-0.00222606
-5.118417e-08,-0.00211839
-5.108417e-08,-0.00216899
-5.098417e-08,-0.00243751
-5.088417e-08,-0.00270215
-5.078417e-08,-0.00265934
-5.068417e-08,-0.0030563
-5.058417e-08,-0.00342212
-5.048417e-08,-0.0035713
-5.038417e-08,-0.00399939
-5.028417e-08,-0.00403831
-5.018417e-08,-0.00394361
-5.008417e-08,-0.00413949
-4.998417e-08,-0.00460391
-4.988417e-08,-0.00502032
-4.978417e-08,-0.00514486
-4.968417e-08,-0.00529793
-4.958417e-08,-0.00575975
-4.948417e-08,-0.00632534
-4.938417e-08,-0.00664836
-4.928417e-08,-0.00681051
-4.918417e-08,-0.0070998
-4.908417e-08,-0.0078963
-4.898417e-08,-0.0082712
-4.888417e-08,-0.00808181
-4.878417e-08,-0.0084139
-4.868417e-08,-0.00897431
-4.858417e-08,-0.0094478
-4.848417e-08,-0.00967352
-4.838417e-08,-0.00990184
-4.828417e-08,-0.0101717
-4.818417e-08,-0.0102715
-4.808417e-08,-0.0107321
-4.798417e-08,-0.0111783
-4.788417e-08,-0.0114196
-4.778417e-08,-0.0117854
-4.768417e-08,-0.0118425
-4.758417e-08,-0.0116142
-4.748417e-08,-0.0117322
-4.738417e-08,-0.0125404
-4.728417e-08,-0.0132033
-4.718417e-08,-0.0132773
-4.708417e-08,-0.0135626
-4.698417e-08,-0.0139713
-4.688417e-08,-0.0142606
-4.678417e-08,-0.014603
-4.668417e-08,-0.0148015
-4.658417e-08,-0.0146445
-4.648417e-08,-0.014424
-4.638417e-08,-0.0145693
-4.628417e-08,-0.0149429
-4.618417e-08,-0.0152711
-4.608417e-08,-0.0154579
-4.598417e-08,-0.0154527
-4.588417e-08,-0.0155682
-4.578417e-08,-0.0157913
-4.568417e-08,-0.0159314
-4.558417e-08,-0.0159625
-4.548417e-08,-0.0159275
-4.538417e-08,-0.0160806
-4.528417e-08,-0.0160092
-4.518417e-08,-0.0160157
-4.508417e-08,-0.0161714
-4.498417e-08,-0.015947
-4.488417e-08,-0.016174
-4.478417e-08,-0.0163816
-4.468417e-08,-0.0159457
-4.458417e-08,-0.0155915
-4.448417e-08,-0.0154411
-4.438417e-08,-0.0154268
-4.428417e-08,-0.015454
-4.418417e-08,-0.0153009
-4.408417e-08,-0.0150986
-4.398417e-08,-0.0149533
-4.388417e-08,-0.0149209
-4.378417e-08,-0.0149585
-4.368417e-08,-0.0149416
-4.358417e-08,-0.0149429
-4.348417e-08,-0.0148093
-4.338417e-08,-0.0147366
-4.328417e-08,-0.0146614
-4.318417e-08,-0.0144305
-4.308417e-08,-0.014424
-4.298417e-08,-0.0141905
-4.288417e-08,-0.0136119
-4.278417e-08,-0.0132617
-4.268417e-08,-0.0133979
-4.258417e-08,-0.0135121
-4.248417e-08,-0.0132824
-4.238417e-08,-0.0132487
-4.228417e-08,-0.0134485
-4.218417e-08,-0.0136184
-4.208417e-08,-0.0136353
-4.198417e-08,-0.0134641
-4.188417e-08,-0.0132773
-4.178417e-08,-0.0134018
-4.168417e-08,-0.0135043
-4.158417e-08,-0.0135626
-4.148417e-08,-0.0135211
-4.138417e-08,-0.013119
-4.128417e-08,-0.0130567
-4.118417e-08,-0.0130217
-4.108417e-08,-0.0128972
-4.098417e-08,-0.0129711
-4.088417e-08,-0.0126766
-4.078417e-08,-0.0122576
-4.068417e-08,-0.0122537
-4.058417e-08,-0.0125949
-4.048417e-08,-0.012687
-4.038417e-08,-0.0123043
-4.028417e-08,-0.0120812
-4.018417e-08,-0.0121253
-4.008417e-08,-0.0119904
-3.998417e-08,-0.0116337
-3.988417e-08,-0.0115675
-3.978417e-08,-0.0116596
-3.968417e-08,-0.0114741
-3.958417e-08,-0.0110019
-3.948417e-08,-0.0107269
-3.938417e-08,-0.0110836
-3.928417e-08,-0.011212
-3.918417e-08,-0.0106607
-3.908417e-08,-0.0102443
-3.898417e-08,-0.0104194
-3.888417e-08,-0.0105232
-3.878417e-08,-0.0101522
-3.868417e-08,-0.0100562
-3.858417e-08,-0.0100355
-3.848417e-08,-0.00977211
-3.838417e-08,-0.00977471
-3.828417e-08,-0.0096826
-3.818417e-08,-0.00930381
-3.808417e-08,-0.00924154
-3.798417e-08,-0.00947504
-3.788417e-08,-0.00921689
-3.778417e-08,-0.00889258
-3.768417e-08,-0.0088381
-3.758417e-08,-0.00863573
-3.748417e-08,-0.0086033
-3.738417e-08,-0.00865778
-3.728417e-08,-0.00821283
-3.718417e-08,-0.00760313
-3.708417e-08,-0.00758237
-3.698417e-08,-0.00796246
-3.688417e-08,-0.00802992
-3.678417e-08,-0.00793133
-3.668417e-08,-0.00798322
-3.658417e-08,-0.00755902
-3.648417e-08,-0.00734757
-3.638417e-08,-0.00739816
-3.628417e-08,-0.00711536
-3.618417e-08,-0.00711147
-3.608417e-08,-0.00702975
-3.598417e-08,-0.00664576
-3.588417e-08,-0.00644728
-3.578417e-08,-0.00675084
-3.568417e-08,-0.00648231
-3.558417e-08,-0.00572991
-3.548417e-08,-0.00576234
-3.538417e-08,-0.00586872
-3.528417e-08,-0.0057831
-3.518417e-08,-0.00581812
-3.508417e-08,-0.00581553
-3.498417e-08,-0.00567024
-3.488417e-08,-0.00533166
-3.478417e-08,-0.00511632
-3.468417e-08,-0.00528236
-3.458417e-08,-0.00536279
-3.448417e-08,-0.00514875
-3.438417e-08,-0.00497492
-3.428417e-08,-0.00482703
-3.418417e-08,-0.00478811
-3.408417e-08,-0.00496973
-3.398417e-08,-0.00474141
-3.388417e-08,-0.00427181
-3.378417e-08,-0.00428478
-3.368417e-08,-0.00421473
-3.358417e-08,-0.00381908
-3.348417e-08,-0.0039008
-3.338417e-08,-0.00434057
-3.328417e-08,-0.00422511
-3.318417e-08,-0.00407333
-3.308417e-08,-0.00404869
-3.298417e-08,-0.00380351
-3.288417e-08,-0.00393064
-3.278417e-08,-0.00404869
-3.268417e-08,-0.00354017
-3.258417e-08,-0.00323402
-3.248417e-08,-0.00362319
-3.238417e-08,-0.00373735
-3.228417e-08,-0.00360244
-3.218417e-08,-0.0036673
-3.208417e-08,-0.00365692
-3.198417e-08,-0.00378405
-3.188417e-08,-0.00372567
-3.178417e-08,-0.00317694
-3.168417e-08,-0.0031977
-3.158417e-08,-0.00342082
-3.148417e-08,-0.00314451
-3.138417e-08,-0.00311467
-3.128417e-08,-0.00318602
-3.118417e-08,-0.00314192
-3.108417e-08,-0.00315619
-3.098417e-08,-0.00301998
-3.088417e-08,-0.00280853
-3.078417e-08,-0.00321845
-3.068417e-08,-0.00345715
-3.058417e-08,-0.00311597
-3.048417e-08,-0.00312635
-3.038417e-08,-0.0027722
-3.028417e-08,-0.00224552
-3.018417e-08,-0.00244789
-3.008417e-08,-0.00269956
-2.998417e-08,-0.00293306
-2.988417e-08,-0.0031951
-2.978417e-08,-0.00302387
-2.968417e-08,-0.00293306
-2.958417e-08,-0.00301868
-2.948417e-08,-0.00298236
-2.938417e-08,-0.00298495
-2.928417e-08,-0.00299273
-2.918417e-08,-0.00298625
-2.908417e-08,-0.00285133
-2.898417e-08,-0.00278258
-2.888417e-08,-0.00298106
-2.878417e-08,-0.00288636
-2.868417e-08,-0.00289803
-2.858417e-08,-0.00347012
-2.848417e-08,-0.00358298
-2.838417e-08,-0.0031471
-2.828417e-08,-0.00309522
-2.818417e-08,-0.00319899
-2.808417e-08,-0.00313932
-2.798417e-08,-0.0034299
-2.788417e-08,-0.00371011
-2.778417e-08,-0.00351033
-2.768417e-08,-0.00316008
-2.758417e-08,-0.00282928
-2.748417e-08,-0.00277609
-2.738417e-08,-0.00299144
-2.728417e-08,-0.00315748
-2.718417e-08,-0.00331056
-2.708417e-08,-0.00321067
-2.698417e-08,-0.00323661
-2.688417e-08,-0.0033858
-2.678417e-08,-0.00316008
-2.668417e-08,-0.00311338
-2.658417e-08,-0.00304462
-2.648417e-08,-0.00280074
-2.638417e-08,-0.00294084
-2.628417e-08,-0.00318602
-2.618417e-08,-0.00344158
-2.608417e-08,-0.00355184
-2.598417e-08,-0.00317824
-2.588417e-08,-0.00308095
-2.578417e-08,-0.00292398
-2.568417e-08,-0.00259189
-2.558417e-08,-0.00279296
-2.548417e-08,-0.00301998
-2.538417e-08,-0.00299403
-2.528417e-08,-0.00256335
-2.518417e-08,-0.00223904
-2.508417e-08,-0.00248292
-2.498417e-08,-0.00212488
-2.488417e-08,-0.00184078
-2.478417e-08,-0.00261653
-2.468417e-08,-0.00280593
-2.458417e-08,-0.00256205
-2.448417e-08,-0.0029616
-2.438417e-08,-0.00307446
-2.428417e-08,-0.00265934
-2.418417e-08,-0.00231557
-2.408417e-08,-0.00228963
-2.398417e-08,-0.00248811
-2.388417e-08,-0.00279685
-2.378417e-08,-0.00301998
-2.368417e-08,-0.00258151
-2.358417e-08,-0.00222088
-2.348417e-08,-0.00262951
-2.338417e-08,-0.00260486
-2.328417e-08,-0.0023973
-2.318417e-08,-0.00280334
-2.308417e-08,-0.00304073
-2.298417e-08,-0.00297717
-2.288417e-08,-0.00298365
-2.278417e-08,-0.00313284
-2.268417e-08,-0.0030537
-2.258417e-08,-0.00265286
-2.248417e-08,-0.00260226
-2.238417e-08,-0.00283447
-2.228417e-08,-0.00271123
-2.218417e-08,-0.00245827
-2.208417e-08,-0.00247903
-2.198417e-08,-0.00264507
-2.188417e-08,-0.00268788
-2.178417e-08,-0.00236227
-2.168417e-08,-0.00211191
-2.158417e-08,-0.0021612
-2.148417e-08,-0.00216899
-2.138417e-08,-0.00215082
-2.128417e-08,-0.00230001
-2.118417e-08,-0.00208856
-2.108417e-08,-0.00175387
-2.098417e-08,-0.00210802
-2.088417e-08,-0.00239211
-2.078417e-08,-0.00231038
-2.068417e-08,-0.00231817
-2.058417e-08,-0.00233374
-2.048417e-08,-0.00218196
-2.038417e-08,-0.00198218
-2.028417e-08,-0.0019731
-2.018417e-08,-0.00200813
-2.008417e-08,-0.00198607
-1.998417e-08,-0.00213137
-1.988417e-08,-0.00206261
-1.978417e-08,-0.00165528
-1.968417e-08,-0.00174349
-1.958417e-08,-0.00204445
-1.948417e-08,-0.00186024
-1.938417e-08,-0.00163193
-1.928417e-08,-0.00151388
-1.918417e-08,-0.00146718
-1.908417e-08,-0.00150739
-1.898417e-08,-0.00163063
-1.888417e-08,-0.00183689
-1.878417e-08,-0.00170976
-1.868417e-08,-0.00146458
-1.858417e-08,-0.00162025
-1.848417e-08,-0.00171625
-1.838417e-08,-0.00149312
-1.828417e-08,-0.00146069
-1.818417e-08,-0.00165658
-1.808417e-08,-0.0016916
-1.798417e-08,-0.0015022
-1.788417e-08,-0.00146199
-1.778417e-08,-0.00151518
-1.768417e-08,-0.00135043
-1.758417e-08,-0.00101185
-1.748417e-08,-0.000664187
-1.738417e-08,-0.000481276
-1.728417e-08,-0.00048906
-1.718417e-08,-0.00078483
-1.708417e-08,-0.000767966
-1.698417e-08,-0.000446251
-1.688417e-08,-0.00062527
-1.678417e-08,-0.000863962
-1.668417e-08,-0.00083672
-1.658417e-08,-0.000817261
-1.648417e-08,-0.00111303
-1.638417e-08,-0.00110136
-1.628417e-08,-0.000777047
-1.618417e-08,-0.000818559
-1.608417e-08,-0.000714779
-1.598417e-08,-0.000472195
-1.588417e-08,-0.000483871
-1.578417e-08,-0.000515004
-1.568417e-08,-0.000627864
-1.558417e-08,-0.000843206
-1.548417e-08,-0.000989794
-1.538417e-08,-0.00101833
-1.528417e-08,-0.000845801
-1.518417e-08,-0.000655106
-1.508417e-08,-0.000508518
-1.498417e-08,-0.000611
-1.488417e-08,-0.000994983
-1.478417e-08,-0.00105206
-1.468417e-08,-0.000957363
-1.458417e-08,-0.00100925
-1.448417e-08,-0.00086007
-1.438417e-08,-0.000786128
-1.428417e-08,-0.000992389
-1.418417e-08,-0.00103131
-1.408417e-08,-0.00111044
-1.398417e-08,-0.00134783
-1.388417e-08,-0.00121162
-1.378417e-08,-0.000965147
-1.368417e-08,-0.000985903
-1.358417e-08,-0.00114935
-1.348417e-08,-0.00133227
-1.338417e-08,-0.00148793
-1.328417e-08,-0.00151907
-1.318417e-08,-0.00134135
-1.308417e-08,-0.00115454
-1.298417e-08,-0.00114417
-1.288417e-08,-0.000900285
-1.278417e-08,-0.000607108
-1.268417e-08,-0.000665484
-1.258417e-08,-0.000817261
-1.248417e-08,-0.00113509
-1.238417e-08,-0.0013647
-1.228417e-08,-0.00119346
-1.218417e-08,-0.000835423
-1.208417e-08,-0.000778344
-1.198417e-08,-0.00100277
-1.188417e-08,-0.00116362
-1.178417e-08,-0.00117919
-1.168417e-08,-0.00128816
-1.158417e-08,-0.00137118
-1.148417e-08,-0.00117141
-1.138417e-08,-0.000985903
-1.128417e-08,-0.000843206
-1.118417e-08,-0.000940499
-1.108417e-08,-0.00118957
-1.098417e-08,-0.00117789
-1.088417e-08,-0.00128297
-1.078417e-08,-0.00137767
-1.068417e-08,-0.00130632
-1.058417e-08,-0.00133097
-1.048417e-08,-0.00119476
-1.038417e-08,-0.00125573
-1.028417e-08,-0.00139064
-1.018417e-08,-0.00116622
-1.008417e-08,-0.00126092
-9.984168e-09,-0.00153334
-9.884168e-09,-0.00164231
-9.784168e-09,-0.00168252
-9.684168e-09,-0.00137378
-9.584168e-09,-0.00111173
-9.484168e-09,-0.00130373
-9.384168e-09,-0.00151647
-9.284168e-09,-0.00136729
-9.184168e-09,-0.00127519
-9.084168e-09,-0.00149312
-8.984168e-09,-0.00139194
-8.884168e-09,-0.001126
-8.784168e-09,-0.00115065
-8.684168e-09,-0.001318
-8.584168e-09,-0.00149572
-8.484168e-09,-0.00137897
-8.384168e-09,-0.00127259
-8.284168e-09,-0.00149183
-8.184168e-09,-0.00139324
-8.084168e-09,-0.00126351
-7.984168e-09,-0.00149572
-7.884168e-09,-0.00153074
-7.784168e-09,-0.00119216
-7.684168e-09,-0.000678457
-7.584168e-09,-0.000585055
-7.484168e-09,-0.000991092
-7.384168e-09,-0.00106114
-7.284168e-09,-0.000953472
-7.184168e-09,-0.00101055
-7.084168e-09,-0.000997578
-6.984168e-09,-0.0011286
-6.884168e-09,-0.00120643
-6.784168e-09,-0.00100277
-6.684168e-09,-0.000959958
-6.584168e-09,-0.00101963
-6.484168e-09,-0.00085099
-6.384168e-09,-0.000788722
-6.284168e-09,-0.000991092
-6.184168e-09,-0.00103001
-6.084168e-09,-0.00111173
-5.984168e-09,-0.00134783
-5.884168e-09,-0.00107282
-5.784168e-09,-0.000896393
-5.684168e-09,-0.00104558
-5.584168e-09,-0.000849692
-5.484168e-09,-0.000644728
-5.384168e-09,-0.000653809
-5.284168e-09,-0.000675862
-5.184168e-09,-0.000658998
-5.084168e-09,-0.000665484
-4.984168e-09,-0.000665484
-4.884168e-09,-0.000939202
-4.784168e-09,-0.00107671
-4.684168e-09,-0.000956066
-4.584168e-09,-0.00100277
-4.484168e-09,-0.000726455
-4.384168e-09,-0.000577272
-4.284168e-09,-0.000984605
-4.184168e-09,-0.00106763
-4.084168e-09,-0.000673268
-3.984168e-09,-0.00046052
-3.884168e-09,-0.000777047
-3.784168e-09,-0.00105466
-3.684168e-09,-0.000989794
-3.584168e-09,-0.000985903
-3.484168e-09,-0.00100536
-3.384168e-09,-0.0011299
-3.284168e-09,-0.00120254
-3.184168e-09,-0.00114287
-3.084168e-09,-0.00116492
-2.984168e-09,-0.00116492
-2.884168e-09,-0.00115844
-2.784168e-09,-0.00116362
-2.684168e-09,-0.00129983
-2.584168e-09,-0.000953472
-2.484168e-09,-0.000552624
-2.384168e-09,-0.000965147
-2.284168e-09,-0.00108838
-2.184168e-09,-0.000939202
-2.084168e-09,-0.00115195
-1.984168e-09,-0.000928824
-1.884168e-09,-0.000308743
-1.784168e-09,-0.00039955
-1.684168e-09,-0.000592839
-1.584168e-09,-0.000456629
-1.484168e-09,-0.000639539
-1.384168e-09,-0.00085099
-1.284168e-09,-0.000979416
-1.184168e-09,-0.00102352
-1.084168e-09,-0.000844503
-9.841679e-10,-0.000931419
-8.841679e-10,-0.00119606
-7.841679e-10,-0.00103779
-6.841679e-10,-0.000937905
-5.841679e-10,-0.00116362
-4.841679e-10,-0.000919743
-3.841679e-10,-0.000726455
-2.841679e-10,-0.00101704
-1.841679e-10,-0.000891204
-8.416788e-11,-0.000898988
1.583212e-11,-0.00106893
1.158321e-10,-0.000832828
2.158321e-10,-0.000788722
3.158321e-10,-0.00086007
4.158321e-10,-0.000819856
5.158321e-10,-0.000691429
6.158321e-10,-0.00048906
7.158321e-10,-0.000614892
8.158321e-10,-0.000858773
9.158321e-10,-0.000705699
1.015832e-09,-0.000608406
1.115832e-09,-0.000692726
1.215832e-09,-0.000520193
1.315832e-09,-0.000592839
1.415832e-09,-0.000591542
1.515832e-09,-0.000431981
1.615832e-09,-0.000657701
1.715832e-09,-0.000706996
1.815832e-09,-0.000635648
1.915832e-09,-0.000398253
2.015832e-09,-0.000252962
2.115832e-09,-0.000369713
2.215832e-09,-0.000326905
2.315832e-09,-0.00060192
2.415832e-09,-0.000751102
2.515832e-09,-0.000757588
2.615832e-09,-0.000740724
2.715832e-09,-0.000195883
2.815832e-09,-6.35648e-05
2.915832e-09,-0.000230909
3.015832e-09,-0.000146588
3.115832e-09,-0.00030096
3.215832e-09,-0.000656404
3.315832e-09,-0.000718671
3.415832e-09,-0.000352849
3.515832e-09,-0.000400847
3.615832e-09,-0.000857476
3.715832e-09,-0.000876934
3.815832e-09,-0.000652512
3.915832e-09,-0.000227017
4.015832e-09,7.26455e-05
4.115832e-09,-0.000289285
4.215832e-09,-0.000421603
4.315832e-09,-0.000142696
4.415832e-09,-1.29724e-06
4.515832e-09,0.000153074
4.615832e-09,0.000195883
4.715832e-09,9.08068e-06
4.815832e-09,-0.00017383
4.915832e-09,-4.67007e-05
5.015832e-09,5.44841e-05
5.115832e-09,-0.000163452
5.215832e-09,-0.000339877
5.315832e-09,-0.000346363
5.415832e-09,-0.000181614
5.515832e-09,7.78344e-06
5.615832e-09,0.000295771
5.715832e-09,0.000396956
5.815832e-09,0.000159561
5.915832e-09,0.000133616
6.015832e-09,5.31869e-05
6.115832e-09,-0.0001881
6.215832e-09,-4.67007e-05
6.315832e-09,0.000197181
6.415832e-09,3.89172e-05
6.515832e-09,-0.000193289
6.615832e-09,-3.89172e-05
6.715832e-09,0.000191992
6.815832e-09,4.02144e-05
6.915832e-09,-0.000193289
7.015832e-09,-0.000454034
7.115832e-09,-0.000976822
7.215832e-09,-0.0012207
7.315832e-09,-0.000732941
7.415832e-09,-0.000264637
7.515832e-09,-0.000596731
7.615832e-09,-0.000767966
7.715832e-09,-0.000469601
7.815832e-09,-0.000332094
7.915832e-09,-0.000457926
8.015832e-09,-0.000683646
8.115832e-09,-0.000406036
8.215832e-09,0.000179019
8.315832e-09,0.000236098
8.415832e-09,-2.33503e-05
8.515832e-09,-0.000297068
8.615832e-09,-0.000666782
8.715832e-09,-0.000574677
8.815832e-09,-0.000424198
8.915832e-09,-0.000530571
9.015832e-09,-0.000633053
9.115832e-09,-0.000696618
9.215832e-09,-0.00051241
9.315832e-09,-0.000459223
9.415832e-09,-0.000660295
9.515832e-09,-0.000696618
9.615832e-09,-0.000642134
9.715832e-09,-0.000946985
9.815832e-09,-0.00107671
9.915832e-09,-0.000814667
1.001583e-08,-0.0007991
1.011583e-08,-0.000856179
1.021583e-08,-0.000681051
1.031583e-08,-0.000762777
1.041583e-08,-0.000754994
1.051583e-08,-4.67007e-05
1.061583e-08,0
1.071583e-08,-0.000704401
1.081583e-08,-0.000739427
1.091583e-08,-0.00032431
1.101583e-08,-0.000278907
1.111583e-08,-0.000509815
1.121583e-08,-0.000524085
1.131583e-08,-0.000477384
1.141583e-08,-0.000507221
1.151583e-08,-0.000496843
1.161583e-08,-0.000495546
1.171583e-08,-0.00036193
1.181583e-08,-0.000291879
1.191583e-08,-0.000629162
1.201583e-08,-0.000739427
1.211583e-08,-0.000620081
1.221583e-08,-0.00081337
1.231583e-08,-0.00115065
1.241583e-08,-0.00135302
1.251583e-08,-0.00119735
1.261583e-08,-0.00097293
1.271583e-08,-0.000569488
1.281583e-08,-0.000116752
1.291583e-08,-0.000140102
1.301583e-08,-0.000197181
1.311583e-08,-0.000287987
1.321583e-08,-0.000374902
1.331583e-08,-3.762e-05
1.341583e-08,7.78344e-05
1.351583e-08,9.34013e-05
1.361583e-08,0.000216639
1.371583e-08,-0.000264637
1.381583e-08,-0.000454034
1.391583e-08,-0.000264637
1.401583e-08,-0.00034766
1.411583e-08,-0.000477384
1.421583e-08,-0.000665484
1.431583e-08,-0.000551327
1.441583e-08,-0.000439764
1.451583e-08,-0.000386578
1.461583e-08,-1.16752e-05
1.471583e-08,6.35648e-05
1.481583e-08,-0.000594136
1.491583e-08,-0.00122459
1.501583e-08,-0.00106114
1.511583e-08,-0.000777047
1.521583e-08,-0.000416414
1.531583e-08,0.0001881
1.541583e-08,0.0002348
1.551583e-08,0.000250367
1.561583e-08,0.000393064
1.571583e-08,0.00017383
1.581583e-08,0.000124535
1.591583e-08,5.44841e-05
1.601583e-08,-0.000186803
1.611583e-08,-0.000186803
1.621583e-08,-0.000146588
1.631583e-08,-3.63227e-05
1.641583e-08,4.15117e-05
1.651583e-08,-1.81614e-05
1.661583e-08,2.59448e-06
1.671583e-08,-0.00027242
1.681583e-08,-0.000552624
1.691583e-08,-0.000219234
1.701583e-08,6.35648e-05
1.711583e-08,-0.000425495
1.721583e-08,-0.000626567
1.731583e-08,-0.000428089
1.741583e-08,-0.000790019
1.751583e-08,-0.000642134
1.761583e-08,-0.000228314
1.771583e-08,-0.000485168
1.781583e-08,-0.000141399
1.791583e-08,0.000294474
1.801583e-08,-0.000142696
1.811583e-08,-0.000256854
1.821583e-08,-0.000107671
1.831583e-08,-0.000184208
1.841583e-08,-0.000444953
1.851583e-08,-0.000708293
1.861583e-08,-0.000391767
1.871583e-08,-0.000238692
1.881583e-08,-0.000520193
1.891583e-08,-0.000802992
1.901583e-08,-0.000883421
1.911583e-08,-0.000801695
1.921583e-08,-0.000835423
1.931583e-08,-0.000420306
1.941583e-08,-6.87537e-05
1.951583e-08,-0.000604514
1.961583e-08,-0.00106763
1.971583e-08,-0.000863962
1.981583e-08,-0.000769263
1.991583e-08,-0.00114027
2.001583e-08,-0.00123368
2.011583e-08,-0.000979416
2.021583e-08,-0.00110784
2.031583e-08,-0.00094958
2.041583e-08,-0.000306149
2.051583e-08,-0.000119346
2.061583e-08,-0.000185505
2.071583e-08,-0.000163452
2.081583e-08,-0.000438467
2.091583e-08,-0.000718671
2.101583e-08,-0.00066289
2.111583e-08,-0.000790019
2.121583e-08,-0.000742021
2.131583e-08,-0.000461818
2.141583e-08,-0.000343769
2.151583e-08,-0.000175127
2.161583e-08,-0.000273718
2.171583e-08,-0.000529274
2.181583e-08,-0.00051241
2.191583e-08,-0.000481276
2.201583e-08,-0.000507221
2.211583e-08,-0.000634351
2.221583e-08,-0.000840612
2.231583e-08,-0.00085099
2.241583e-08,-0.00081337
2.251583e-08,-0.000975525
2.261583e-08,-0.0010352
2.271583e-08,-0.00083672
2.281583e-08,-0.000795208
2.291583e-08,-0.000991092
2.301583e-08,-0.00102871
2.311583e-08,-0.00083672
2.321583e-08,-0.000796506
2.331583e-08,-0.000575975
2.341583e-08,-0.00013621
2.351583e-08,-0.000264637
2.361583e-08,-0.000546138
2.371583e-08,-0.000502032
2.381583e-08,-0.000483871
2.391583e-08,-0.000508518
2.401583e-08,-0.000633053
2.411583e-08,-0.000565597
2.421583e-08,-0.00030096
2.431583e-08,-0.000454034
2.441583e-08,-0.000695321
2.451583e-08,-0.00094958
2.461583e-08,-0.00106114
2.471583e-08,-0.000825045
2.481583e-08,-0.000795208
2.491583e-08,-0.000856179
2.501583e-08,-0.000819856
2.511583e-08,-0.000830234
2.521583e-08,-0.000694024
2.531583e-08,-0.000622675
2.541583e-08,-0.000684943
2.551583e-08,-0.000522788
2.561583e-08,-0.000455331
2.571583e-08,-0.000383983
2.581583e-08,-0.00028669
2.591583e-08,-0.000626567
2.601583e-08,-0.000468304
2.611583e-08,-0.000206261
2.621583e-08,-0.000660295
2.631583e-08,-0.000603217
2.641583e-08,-0.000267232
2.651583e-08,-0.000330796
2.661583e-08,-0.000487762
2.671583e-08,-0.000525382
2.681583e-08,-6.87537e-05
2.691583e-08,0.000252962
2.701583e-08,5.18896e-06
2.711583e-08,-0.00046052
2.721583e-08,-0.00100017
2.731583e-08,-0.000927527
2.741583e-08,-0.000879529
2.751583e-08,-0.00093531
2.761583e-08,-0.000629162
2.771583e-08,-0.000777047
2.781583e-08,-0.000482573
2.791583e-08,-4.02144e-05
2.801583e-08,-0.000469601
2.811583e-08,-0.000729049
2.821583e-08,-0.000646026
2.831583e-08,-0.000800397
2.841583e-08,-0.00101444
2.851583e-08,-0.000873043
2.861583e-08,-0.000774452
2.871583e-08,-0.000857476
2.881583e-08,-0.000687537
2.891583e-08,-0.000481276
2.901583e-08,-0.000345066
2.911583e-08,-0.000444953
2.921583e-08,-0.000827639
2.931583e-08,-0.00102482
2.941583e-08,-0.000997578
2.951583e-08,-0.000988497
2.961583e-08,-0.00100147
2.971583e-08,-0.000994983
2.981583e-08,-0.00113379
2.991583e-08,-0.00134135
3.001583e-08,-0.00120903
3.011583e-08,-0.000967741
3.021583e-08,-0.00112211
3.031583e-08,-0.000941796
3.041583e-08,-0.000721266
3.051583e-08,-0.00115195
3.061583e-08,-0.000962552
3.071583e-08,-0.000699213
3.081583e-08,-0.00116362
3.091583e-08,-0.00109876
3.101583e-08,-0.000627864
3.111583e-08,-0.000623973
3.121583e-08,-0.000701807
3.131583e-08,-0.000509815
3.141583e-08,-0.000459223
3.151583e-08,-0.000383983
3.161583e-08,-0.000285393
3.171583e-08,-0.000626567
3.181583e-08,-0.000605811
3.191583e-08,-0.000275015
3.201583e-08,-0.000600622
3.211583e-08,-0.000902879
3.221583e-08,-0.000815964
3.231583e-08,-0.00082245
3.241583e-08,-0.0005643
3.251583e-08,-0.000137507
3.261583e-08,-0.000265934
3.271583e-08,-0.000406036
3.281583e-08,-0.000159561
3.291583e-08,-0.000268529
3.301583e-08,-0.000537057
3.311583e-08,-0.000646026
3.321583e-08,-0.000411225
3.331583e-08,-0.000242584
3.341583e-08,-0.000787425
3.351583e-08,-0.0010819
3.361583e-08,-0.00110525
3.371583e-08,-0.000924932
3.381583e-08,-0.00032431
3.391583e-08,-0.00011286
3.401583e-08,-0.000185505
3.411583e-08,-0.000441062
3.421583e-08,-0.00057338
3.431583e-08,-0.000185505
3.441583e-08,-9.34013e-05
3.451583e-08,-0.000212747
3.461583e-08,-0.000151777
3.471583e-08,-0.000302257
3.481583e-08,-0.000377497
3.491583e-08,-0.000169938
3.501583e-08,0.000145291
3.511583e-08,0.000221828
3.521583e-08,-0.000281501
3.531583e-08,-0.000304851
3.541583e-08,7.65372e-05
3.551583e-08,2.59448e-06
3.561583e-08,0.000115454
3.571583e-08,-5.44841e-05
3.581583e-08,-0.000548733
3.591583e-08,-0.000395658
3.601583e-08,2.20531e-05
3.611583e-08,4.15117e-05
3.621583e-08,-0.000171236
3.631583e-08,-0.000193289
3.641583e-08,-0.000145291
3.651583e-08,-0.00017383
3.661583e-08,-2.7242e-05
3.671583e-08,4.15117e-05
3.681583e-08,-0.000160858
3.691583e-08,-0.000201072
3.701583e-08,-0.000280204
3.711583e-08,-0.000517599
3.721583e-08,-0.000380091
3.731583e-08,-0.000134913
3.741583e-08,-0.000155669
3.751583e-08,-0.000319121
3.761583e-08,-0.00022572
3.771583e-08,-0.000107671
3.781583e-08,-0.000467007
3.791583e-08,-0.000438467
3.801583e-08,-0.000245178
3.811583e-08,-0.000503329
3.821583e-08,-0.00039955
3.831583e-08,1.42696e-05
3.841583e-08,0.000186803
3.851583e-08,-0.000106374
3.861583e-08,-0.000390469
3.871583e-08,-0.000189397
3.881583e-08,0.000160858
3.891583e-08,0.000491654
3.901583e-08,0.000546138
3.911583e-08,0.000467007
3.921583e-08,9.34013e-05
3.931583e-08,-0.000255556
3.941583e-08,-0.000149183
3.951583e-08,-0.000430684
3.961583e-08,-0.000730346
3.971583e-08,-0.000517599
3.981583e-08,-0.000171236
3.991583e-08,-0.000254259
4.001583e-08,-0.000542246
4.011583e-08,-0.000369713
4.021583e-08,-0.000134913
4.031583e-08,-0.000434576
4.041583e-08,-0.000729049
4.051583e-08,-0.000518896
4.061583e-08,-0.000585055
4.071583e-08,-0.000873043
4.081583e-08,-0.0005643
4.091583e-08,-0.000262043
4.101583e-08,-0.000481276
4.111583e-08,-0.000547435
4.121583e-08,-0.000467007
4.131583e-08,-0.000507221
4.141583e-08,-0.000500735
4.151583e-08,-0.000217936
4.161583e-08,4.92951e-05
4.171583e-08,-0.000138805
4.181583e-08,-0.000494249
4.191583e-08,-0.000823748
4.201583e-08,-0.000600622
4.211583e-08,-0.000387875
4.221583e-08,-0.00068624
4.231583e-08,-0.000697915
4.241583e-08,-0.000771858
4.251583e-08,-0.000607108
4.261583e-08,-0.000258151
4.271583e-08,-0.000472195
4.281583e-08,-0.000556516
4.291583e-08,-0.000739427
4.301583e-08,-0.000919743
4.311583e-08,-0.000516302
4.321583e-08,-0.000559111
4.331583e-08,-0.000891204
4.341583e-08,-0.000557813
4.351583e-08,-0.000262043
4.361583e-08,-0.000345066
4.371583e-08,-0.000202369
4.381583e-08,0.000159561
4.391583e-08,0.000358038
4.401583e-08,5.96731e-05
4.411583e-08,-0.000227017
4.421583e-08,-2.20531e-05
4.431583e-08,-0.00022572
4.441583e-08,-0.000579866
4.451583e-08,-0.000351552
4.461583e-08,-0.000552624
4.471583e-08,-0.000778344
4.481583e-08,-0.000337282
4.491583e-08,-0.000119346
4.501583e-08,-0.000177722
4.511583e-08,-0.000307446
4.521583e-08,-0.000228314
4.531583e-08,-0.000246476
4.541583e-08,-0.000809478
4.551583e-08,-0.000928824
4.561583e-08,-0.000490357
4.571583e-08,-0.000299663
4.581583e-08,-0.000197181
4.591583e-08,7.78344e-06
4.601583e-08,2.46476e-05
4.611583e-08,0.000119346
4.621583e-08,0.000350255
4.631583e-08,0.000214045
4.641583e-08,-0.000168641
4.651583e-08,-0.000217936
4.661583e-08,-0.000268529
4.671583e-08,-0.000383983
4.681583e-08,-0.000175127
4.691583e-08,-0.000125832
4.701583e-08,-5.44841e-05
4.711583e-08,0.000186803
4.721583e-08,0.00032431
4.731583e-08,0.000351552
4.741583e-08,-9.34013e-05
4.751583e-08,-0.000421603
4.761583e-08,-0.00031004
4.771583e-08,-0.000463115
4.781583e-08,-0.000273718
4.791583e-08,-0.000197181
4.801583e-08,-0.000832828
4.811583e-08,-0.00064862
4.821583e-08,-0.000212747
4.831583e-08,-0.000494249
4.841583e-08,-0.000276312
4.851583e-08,8.95096e-05
4.861583e-08,-0.000151777
4.871583e-08,-0.000358038
4.881583e-08,-0.000476087
4.891583e-08,-0.000390469
4.901583e-08,-1.29724e-06
4.911583e-08,5.70786e-05
4.921583e-08,-0.000176425
4.931583e-08,-5.44841e-05
4.941583e-08,-7.65372e-05
4.951583e-08,-0.00064862
4.961583e-08,-0.000758886
4.971583e-08,-0.0001881
4.981583e-08,7.13482e-05
4.991583e-08,-0.000162155
5.001583e-08,-0.000345066
5.011583e-08,-0.000343769
5.021583e-08,-0.000320418
5.031583e-08,-0.00047479
5.041583e-08,-0.000675862
5.051583e-08,-0.000821153
5.061583e-08,-0.000716077
5.071583e-08,-0.000609703
5.081583e-08,-0.000548733
5.091583e-08,-0.000317824
5.101583e-08,-0.000307446
5.111583e-08,-0.000354147
5.121583e-08,-0.000323013
5.131583e-08,-0.000195883
5.141583e-08,1.03779e-05
5.151583e-08,2.07558e-05
5.161583e-08,-0.000155669
5.171583e-08,-0.000337282
5.181583e-08,-0.000627864
5.191583e-08,-0.000729049
5.201583e-08,-0.000490357
5.211583e-08,-0.000465709
5.221583e-08,-0.000522788
5.231583e-08,-0.000626567
5.241583e-08,-0.000565597
5.251583e-08,-0.000302257
5.261583e-08,-0.000452737
5.271583e-08,-0.000420306
5.281583e-08,-0.00039955
5.291583e-08,-0.000978119
5.301583e-08,-0.000957363
5.311583e-08,-0.00058765
5.321583e-08,-0.000389172
5.331583e-08,3.89172e-06
5.341583e-08,-0.000221828
5.351583e-08,-0.000312635
5.361583e-08,6.61593e-05
5.371583e-08,-0.000125832
5.381583e-08,-0.000232206
5.391583e-08,-0.000129724
5.401583e-08,-0.000313932
5.411583e-08,-0.000513707
5.421583e-08,-0.00051241
5.431583e-08,-0.000483871
5.441583e-08,-0.000504626
5.451583e-08,-0.00049814
5.461583e-08,-0.000634351
5.471583e-08,-0.000843206
5.481583e-08,-0.00057338
5.491583e-08,-0.000125832
5.501583e-08,-0.000271123
5.511583e-08,-0.000542246
5.521583e-08,-0.000502032
5.531583e-08,-0.000346363
5.541583e-08,-0.000439764
5.551583e-08,-0.000969039
5.561583e-08,-0.000953472
5.571583e-08,-0.000592839
5.581583e-08,-0.0007991
5.591583e-08,-0.000614892
5.601583e-08,-0.000382686
5.611583e-08,-0.000548733
5.621583e-08,-0.000217936
5.631583e-08,-0.000214045
5.641583e-08,-0.0004229
5.651583e-08,-0.000162155
5.661583e-08,1.29724e-05
5.671583e-08,9.08068e-06
5.681583e-08,-0.000285393
5.691583e-08,-0.000408631
5.701583e-08,-1.55669e-05
5.711583e-08,7.0051e-05
5.721583e-08,-0.000182911
5.731583e-08,-5.44841e-05
5.741583e-08,6.22675e-05
5.751583e-08,-2.98365e-05
5.761583e-08,5.18896e-06
5.771583e-08,-0.000271123
5.781583e-08,-0.000692726
5.791583e-08,-0.000839314
5.801583e-08,-0.000699213
5.811583e-08,-0.000617486
5.821583e-08,-0.00068624
5.831583e-08,-0.000660295
5.841583e-08,-0.000660295
5.851583e-08,-0.000393064
5.861583e-08,-0.000111563
5.871583e-08,-0.000306149
5.881583e-08,-0.000522788
5.891583e-08,-0.000232206
5.901583e-08,0.000202369
5.911583e-08,0.000198478
5.921583e-08,0.000133616
5.931583e-08,0.000317824
5.941583e-08,0.000507221
5.951583e-08,0.000515004
5.961583e-08,0.000483871
5.971583e-08,0.000365822
5.981583e-08,0.000154372
5.991583e-08,6.4862e-06
6.001583e-08,-0.000159561
6.011583e-08,-0.000330796
6.021583e-08,-0.000492951
6.031583e-08,-0.000522788
6.041583e-08,-0.000482573
6.051583e-08,-0.000364525
6.061583e-08,-0.000293176
6.071583e-08,-0.000350255
6.081583e-08,-0.000329499
6.091583e-08,-0.000467007
6.101583e-08,-0.000540949
6.111583e-08,-0.00033858
6.121583e-08,-0.000158263
6.131583e-08,-0.000425495
6.141583e-08,-0.000729049
6.151583e-08,-0.000382686
6.161583e-08,-0.000101185
6.171583e-08,-4.02144e-05
6.181583e-08,3.2431e-05
6.191583e-08,0.000125832
6.201583e-08,0.000481276
6.211583e-08,0.000285393
6.221583e-08,-0.000229612
6.231583e-08,-0.000193289
6.241583e-08,0.000145291
6.251583e-08,8.82123e-05
6.261583e-08,-0.000490357
6.271583e-08,-0.000726455
6.281583e-08,-0.000643431
6.291583e-08,-0.000387875
6.301583e-08,1.81614e-05
6.311583e-08,0.000181614
6.321583e-08,0.000171236
6.331583e-08,2.07558e-05
6.341583e-08,-3.63227e-05
6.351583e-08,-0.000118049
6.361583e-08,-0.000486465
6.371583e-08,-0.000421603
6.381583e-08,-0.000252962
6.391583e-08,-0.000364525
6.401583e-08,-0.000191992
6.411583e-08,-0.000118049
6.421583e-08,-0.000330796
6.431583e-08,-0.000503329
6.441583e-08,-0.000377497
6.451583e-08,-0.000278907
6.461583e-08,-8.04289e-05
6.471583e-08,0.000496843
6.481583e-08,0.000167344
6.491583e-08,-0.000454034
6.501583e-08,-0.000330796
6.511583e-08,-0.000439764
6.521583e-08,-0.000561705
6.531583e-08,-0.000468304
6.541583e-08,-0.000502032
6.551583e-08,-0.000503329
6.561583e-08,-0.000492951
6.571583e-08,-0.00077575
6.581583e-08,-0.000909365
6.591583e-08,-0.000651215
6.601583e-08,-0.000631756
6.611583e-08,-0.000690132
6.621583e-08,-0.000653809
6.631583e-08,-0.000665484
6.641583e-08,-0.000666782
6.651583e-08,-0.000386578
6.661583e-08,-0.000252962
6.671583e-08,-0.000372308
6.681583e-08,-0.000463115
6.691583e-08,-0.000531869
6.701583e-08,-7.13482e-05
6.711583e-08,0.000258151
6.721583e-08,2.59448e-06
6.731583e-08,-0.000184208
6.741583e-08,-0.000312635
6.751583e-08,-0.000638242
6.761583e-08,-0.000865259
6.771583e-08,-0.000832828
6.781583e-08,-0.000819856
6.791583e-08,-0.000838017
6.801583e-08,-0.000827639
6.811583e-08,-0.000691429
6.821583e-08,-0.000486465
6.831583e-08,-0.000477384
6.841583e-08,-0.0003762
6.851583e-08,-0.000424198
6.861583e-08,-0.000834126
6.871583e-08,-0.00102612
6.881583e-08,-0.00113249
6.891583e-08,-0.00119606
6.901583e-08,-0.00100796
6.911583e-08,-0.000821153
6.921583e-08,-0.000675862
6.931583e-08,-0.00036193
6.941583e-08,-0.000129724
6.951583e-08,-2.46476e-05
6.961583e-08,0.000166047
6.971583e-08,5.44841e-05
6.981583e-08,-0.000335985
6.991583e-08,-0.00038528
7.001583e-08,-0.000156966
7.011583e-08,-0.000415117
7.021583e-08,-0.000736832
7.031583e-08,-0.000655106
7.041583e-08,-0.000651215
7.051583e-08,-0.000538355
7.061583e-08,-0.000590244
7.071583e-08,-0.000863962
7.081583e-08,-0.000708293
7.091583e-08,-0.000742021
7.101583e-08,-0.000900285
7.111583e-08,-0.000665484
7.121583e-08,-0.000623973
7.131583e-08,-0.000692726
7.141583e-08,-0.000792614
7.151583e-08,-0.000869151
7.161583e-08,-0.000674565
7.171583e-08,-0.000487762
7.181583e-08,-0.000206261
7.191583e-08,3.89172e-05
7.201583e-08,3.89172e-06
7.211583e-08,-1.29724e-05
7.221583e-08,-0.000267232
7.231583e-08,-0.000415117
7.241583e-08,-0.000291879
7.251583e-08,-0.000477384
7.261583e-08,-0.000407333
7.271583e-08,-0.000264637
7.281583e-08,-0.00049814
7.291583e-08,-0.00053576
7.301583e-08,-0.000333391
7.311583e-08,-0.000302257
7.321583e-08,-0.000490357
7.331583e-08,-0.000531869
7.341583e-08,-0.000476087
7.351583e-08,-0.000228314
7.361583e-08,-8.69151e-05
7.371583e-08,-0.000617486
7.381583e-08,-0.000915852
7.391583e-08,-0.00052668
7.401583e-08,-0.000416414
7.411583e-08,-0.000547435
7.421583e-08,-0.000346363
7.431583e-08,-0.000287987
7.441583e-08,-8.30234e-05
7.451583e-08,8.82123e-05
7.461583e-08,-0.000176425
7.471583e-08,-0.000202369
7.481583e-08,-0.000137507
7.491583e-08,-0.000177722
7.501583e-08,-0.000441062
7.511583e-08,-0.000575975
7.521583e-08,-0.000182911
7.531583e-08,-0.000230909
7.541583e-08,-0.000419009
7.551583e-08,-0.000159561
7.561583e-08,-0.00012713
7.571583e-08,-0.000195883
7.581583e-08,-0.000154372
7.591583e-08,-0.000166047
7.601583e-08,-3.11338e-05
7.611583e-08,4.15117e-05
7.621583e-08,-0.000297068
7.631583e-08,-0.000546138
7.641583e-08,-0.000356741
7.651583e-08,-0.000282798
7.661583e-08,-0.00049814
7.671583e-08,-0.000254259
7.681583e-08,0.000212747
7.691583e-08,0.000197181
7.701583e-08,0.000132319
7.711583e-08,0.000182911
7.721583e-08,0.000163452
7.731583e-08,-0.000250367
7.741583e-08,-0.000725157
7.751583e-08,-0.000684943
7.761583e-08,-0.000771858
7.771583e-08,-0.000611
7.781583e-08,-0.000393064
7.791583e-08,-0.000540949
7.801583e-08,-0.000219234
7.811583e-08,-0.000212747
7.821583e-08,-0.000421603
7.831583e-08,-0.000162155
7.841583e-08,-0.000124535
7.851583e-08,-0.000197181
7.861583e-08,-0.000154372
7.871583e-08,-0.000166047
7.881583e-08,-0.000444953
7.891583e-08,-0.000575975
7.901583e-08,9.34013e-05
7.911583e-08,0.000317824
7.921583e-08,7.91317e-05
7.931583e-08,0.000325607
7.941583e-08,0.000103779
7.951583e-08,-0.000389172
7.961583e-08,-0.000221828
7.971583e-08,4.54034e-05
7.981583e-08,-0.00013621
7.991583e-08,-0.000495546
8.001583e-08,-0.00068624
8.011583e-08,-0.000531869
8.021583e-08,-0.000448845
8.031583e-08,-0.000522788
8.041583e-08,-0.000492951
8.051583e-08,-0.000633053
8.061583e-08,-0.000708293
8.071583e-08,-0.000640837
8.081583e-08,-0.000668079
8.091583e-08,-0.000666782
8.101583e-08,-0.000660295
8.111583e-08,-0.000527977
8.121583e-08,-0.000734238
8.131583e-08,-0.00106763
8.141583e-08,-0.000853584
8.151583e-08,-0.000774452
8.161583e-08,-0.000726455
8.171583e-08,-0.000476087
8.181583e-08,-0.000476087
8.191583e-08,-0.000381389
8.201583e-08,-0.000282798
8.211583e-08,-0.000491654
8.221583e-08,-0.000259448
8.231583e-08,7.65372e-05
8.241583e-08,-0.000284096
8.251583e-08,-0.0005643
8.261583e-08,-0.000483871
8.271583e-08,-0.000767966
8.281583e-08,-0.00105725
8.291583e-08,-0.000852287
8.301583e-08,-0.000778344
8.311583e-08,-0.000861368
8.321583e-08,-0.000821153
8.331583e-08,-0.000688835
8.341583e-08,-0.000629162
8.351583e-08,-0.000957363
8.361583e-08,-0.00107282
8.371583e-08,-0.000677159
8.381583e-08,-0.000457926
8.391583e-08,-0.000503329
8.401583e-08,-0.000504626
8.411583e-08,-0.000354147
8.421583e-08,0.000119346
8.431583e-08,0.000540949
8.441583e-08,0.000382686
8.451583e-08,-1.16752e-05
8.461583e-08,-0.000184208
8.471583e-08,-0.00031004
8.481583e-08,-0.000502032
8.491583e-08,-0.000383983
8.501583e-08,-0.000275015
8.511583e-08,-0.000359336
8.521583e-08,8.56179e-05
8.531583e-08,0.000290582
8.541583e-08,-0.000175127
8.551583e-08,-0.000369713
8.561583e-08,-0.000323013
8.571583e-08,-0.000605811
8.581583e-08,-0.00102352
8.591583e-08,-0.0010326
8.601583e-08,-0.00096385
8.611583e-08,-0.000871745
8.621583e-08,-0.000788722
8.631583e-08,-0.000847098
8.641583e-08,-0.000552624
8.651583e-08,0
8.661583e-08,7.52399e-05
8.671583e-08,-5.18896e-05
8.681583e-08,1.68641e-05
8.691583e-08,-0.000273718
8.701583e-08,-0.000556516
8.711583e-08,-0.000492951
8.721583e-08,-0.000487762
8.731583e-08,-0.000369713
8.741583e-08,-0.000425495
8.751583e-08,-0.000559111
8.761583e-08,-6.09703e-05
8.771583e-08,0.000256854
8.781583e-08,-0.000275015
8.791583e-08,-0.000592839
8.801583e-08,-0.000190694
8.811583e-08,-8.43206e-05
8.821583e-08,-0.000216639
8.831583e-08,-0.000289285
8.841583e-08,-0.000644728
8.851583e-08,-0.000730346
8.861583e-08,-0.000622675
8.871583e-08,-0.000675862
8.881583e-08,-0.000390469
8.891583e-08,2.85393e-05
8.901583e-08,-0.000102482
8.911583e-08,-0.000513707
8.921583e-08,-0.000543544
8.931583e-08,-0.00032431
8.941583e-08,-0.000167344
8.951583e-08,-0.000146588
8.961583e-08,-4.02144e-05
8.971583e-08,4.28089e-05
8.981583e-08,-0.000295771
8.991583e-08,-0.000409928
9.001583e-08,-0.00028669
9.011583e-08,-0.000206261
9.021583e-08,7.78344e-06
9.031583e-08,2.59448e-05
9.041583e-08,0.000118049
9.051583e-08,-6.22675e-05
9.061583e-08,-0.000404739
9.071583e-08,-0.000191992
9.081583e-08,-0.000108968
9.091583e-08,-0.000201072
9.101583e-08,-0.000294474
9.111583e-08,-0.000369713
9.121583e-08,-0.000316527
9.131583e-08,-0.000333391
9.141583e-08,-0.000473493
9.151583e-08,-0.000396956
9.161583e-08,-0.00013621
9.171583e-08,-0.000287987
9.181583e-08,-0.000252962
9.191583e-08,-9.59958e-05
9.201583e-08,-0.000330796
9.211583e-08,-0.000511113
9.221583e-08,-0.000371011
9.231583e-08,-0.000282798
9.241583e-08,-0.000494249
9.251583e-08,-0.000534463
9.261583e-08,-0.000334688
9.271583e-08,-0.00030096
9.281583e-08,-0.000490357
9.291583e-08,-0.000531869
9.301583e-08,-0.000476087
9.311583e-08,-0.000643431
9.321583e-08,-0.000705699
9.331583e-08,-0.000640837
9.341583e-08,-0.000808181
9.351583e-08,-0.000734238
9.361583e-08,-0.000600622
9.371583e-08,-0.000827639
9.381583e-08,-0.000869151
9.391583e-08,-0.000665484
9.401583e-08,-0.000358038
9.411583e-08,-0.000134913
9.421583e-08,-0.000159561
9.431583e-08,-0.000316527
9.441583e-08,-0.000503329
9.451583e-08,-0.000520193
9.461583e-08,-0.000206261
9.471583e-08,4.54034e-05
9.481583e-08,-1.29724e-06
9.491583e-08,0.000264637
9.501583e-08,0.000420306
9.511583e-08,0.00015048
9.521583e-08,0.000133616
9.531583e-08,0.000193289
9.541583e-08,1.68641e-05
9.551583e-08,-3.89172e-05
9.561583e-08,2.33503e-05
9.571583e-08,-0.000143994
9.581583e-08,-0.000346363
9.591583e-08,-0.000486465
9.601583e-08,-0.000522788
9.611583e-08,-0.000346363
9.621583e-08,-0.000295771
9.631583e-08,-0.000491654
9.641583e-08,-0.000255556
9.651583e-08,7.39427e-05
9.661583e-08,-0.000145291
9.671583e-08,-0.000220531
9.681583e-08,0.000142696
9.691583e-08,0.000373605
9.701583e-08,0.000190694
9.711583e-08,0.000118049
9.721583e-08,0.000332094
9.731583e-08,0.000503329
9.741583e-08,0.000652512
9.751583e-08,0.000828937
9.761583e-08,0.000716077
9.771583e-08,0.000469601
9.781583e-08,0.000207558
9.791583e-08,0.000103779
9.801583e-08,0.000473493
9.811583e-08,0.000295771
9.821583e-08,-9.7293e-05
9.831583e-08,0.000290582
9.841583e-08,0.000428089
9.851583e-08,0.000137507
9.861583e-08,0.000141399
9.871583e-08,0.000190694
9.881583e-08,0.000154372
9.891583e-08,0.000443656
9.901583e-08,0.000856179
9.911583e-08,0.000729049
9.921583e-08,0.000454034
9.931583e-08,0.000491654
9.941583e-08,0.0003762
9.951583e-08,0.000281501
9.961583e-08,0.000631756
9.971583e-08,0.000740724
9.981583e-08,0.000618784
9.991583e-08,0.00081337
1.000158e-07,0.00101185
1.001158e-07,0.000870448
1.002158e-07,0.000502032
1.003158e-07,0.000443656
1.004158e-07,0.000396956
1.005158e-07,3.89172e-06
1.006158e-07,-6.09703e-05
1.007158e-07,4.15117e-05
1.008158e-07,-1.29724e-05
1.009158e-07,0.000137507
1.010158e-07,7.39427e-05
1.011158e-07,-6.35648e-05
1.012158e-07,0.00030096
1.013158e-07,0.000411225
1.014158e-07,9.08068e-06
1.015158e-07,-6.61593e-05
1.016158e-07,0.000457926
1.017158e-07,0.000465709
1.018158e-07,-0.000323013
1.019158e-07,-0.000454034
1.020158e-07,2.7242e-05
1.021158e-07,0.000190694
1.022158e-07,2.46476e-05
1.023158e-07,9.59958e-05
1.024158e-07,9.08068e-05
1.025158e-07,-0.000341174
1.026158e-07,-0.000252962
1.027158e-07,5.57813e-05
1.028158e-07,0.000141399
1.029158e-07,5.05924e-05
1.030158e-07,8.95096e-05
1.031158e-07,0.000363227
1.032158e-07,7.52399e-05
1.033158e-07,-0.000102482
1.034158e-07,5.18896e-05
1.035158e-07,-0.000149183
1.036158e-07,-0.000212747
1.037158e-07,-0.000137507
1.038158e-07,-0.00017383
1.039158e-07,-0.000167344
1.040158e-07,-2.46476e-05
1.041158e-07,0.000175127
1.042158e-07,4.79979e-05
1.043158e-07,-0.000194586
1.044158e-07,-0.000179019
1.045158e-07,-0.00015048
1.046158e-07,-0.00017383
1.047158e-07,-0.00016475
1.048158e-07,-0.00016475
1.049158e-07,-0.000167344
1.050158e-07,-2.7242e-05
1.051158e-07,0.000177722
1.052158e-07,0.000185505
