LECROYWaveRunner„U,21892,Histogram
Segments,1,SegmentSize,500
Segment,TrigTime,TimeSinceSegment1
#1,15-Jun-2021 12:36:08,0                 
Time,Ampl
-0.0252,0
-0.0248,0
-0.0244,0
-0.024,0
-0.0236,0
-0.0232,0
-0.0228,0
-0.0224,0
-0.022,0
-0.0216,0
-0.0212,0
-0.0208,0
-0.0204,0
-0.02,0
-0.0196,0
-0.0192,0
-0.0188,0
-0.0184,0
-0.018,0
-0.0176,0
-0.0172,0
-0.0168,0
-0.0164,0
-0.016,0
-0.0156,0
-0.0152,0
-0.0148,0
-0.0144,0
-0.014,0
-0.0136,0
-0.0132,0
-0.0128,0
-0.0124,0
-0.012,0
-0.0116,0
-0.0112,0
-0.0108,0
-0.0104,0
-0.01,0
-0.0096,0
-0.0092,0
-0.0088,0
-0.0084,0
-0.008,0
-0.0076,0
-0.0072,0
-0.0068,0
-0.0064,0
-0.006,0
-0.0056,0
-0.0052,0
-0.0048,0
-0.0044,0
-0.004,0
-0.0036,0
-0.0032,0
-0.0028,0
-0.0024,0
-0.002,0
-0.0016,0
-0.0012,0
-0.0008,0
-0.0004,0
1.29e-17,0
0.0004,0
0.0008,0
0.0012,0
0.0016,2
0.002,7
0.0024,8
0.0028,4
0.0032,1
0.0036,1
0.004,3
0.0044,5
0.0048,1
0.0052,2
0.0056,11
0.006,7
0.0064,12
0.0068,21
0.0072,27
0.0076,38
0.008,48
0.0084,42
0.0088,49
0.0092,49
0.0096,67
0.01,75
0.0104,59
0.0108,61
0.0112,65
0.0116,65
0.012,74
0.0124,57
0.0128,54
0.0132,45
0.0136,40
0.014,29
0.0144,44
0.0148,41
0.0152,43
0.0156,36
0.016,23
0.0164,15
0.0168,20
0.0172,17
0.0176,16
0.018,12
0.0184,12
0.0188,13
0.0192,17
0.0196,7
0.02,6
0.0204,9
0.0208,7
0.0212,5
0.0216,5
0.022,8
0.0224,4
0.0228,10
0.0232,6
0.0236,3
0.024,4
0.0244,9
0.0248,5
0.0252,5
0.0256,4
0.026,1
0.0264,3
0.0268,0
0.0272,0
0.0276,1
0.028,2
0.0284,2
0.0288,1
0.0292,4
0.0296,0
0.03,2
0.0304,1
0.0308,0
0.0312,0
0.0316,3
0.032,0
0.0324,2
0.0328,2
0.0332,1
0.0336,1
0.034,1
0.0344,2
0.0348,1
0.0352,1
0.0356,0
0.036,1
0.0364,1
0.0368,0
0.0372,1
0.0376,1
0.038,1
0.0384,0
0.0388,1
0.0392,0
0.0396,1
0.04,0
0.0404,0
0.0408,1
0.0412,0
0.0416,0
0.042,0
0.0424,0
0.0428,0
0.0432,5
0.0436,7
0.044,1
0.0444,0
0.0448,0
0.0452,0
0.0456,0
0.046,0
0.0464,0
0.0468,0
0.0472,0
0.0476,0
0.048,0
0.0484,0
0.0488,0
0.0492,0
0.0496,0
0.05,0
0.0504,0
0.0508,0
0.0512,0
0.0516,0
0.052,0
0.0524,0
0.0528,0
0.0532,0
0.0536,0
0.054,0
0.0544,0
0.0548,0
0.0552,0
0.0556,0
0.056,0
0.0564,0
0.0568,0
0.0572,0
0.0576,0
0.058,0
0.0584,0
0.0588,0
0.0592,0
0.0596,0
0.06,0
0.0604,0
0.0608,0
0.0612,0
0.0616,0
0.062,0
0.0624,0
0.0628,0
0.0632,0
0.0636,0
0.064,0
0.0644,0
0.0648,0
0.0652,0
0.0656,0
0.066,0
0.0664,0
0.0668,0
0.0672,0
0.0676,0
0.068,0
0.0684,0
0.0688,0
0.0692,0
0.0696,0
0.07,0
0.0704,0
0.0708,0
0.0712,0
0.0716,0
0.072,0
0.0724,0
0.0728,0
0.0732,0
0.0736,0
0.074,0
0.0744,0
0.0748,0
0.0752,0
0.0756,0
0.076,0
0.0764,0
0.0768,0
0.0772,0
0.0776,0
0.078,0
0.0784,0
0.0788,0
0.0792,0
0.0796,0
0.08,0
0.0804,0
0.0808,0
0.0812,0
0.0816,0
0.082,0
0.0824,0
0.0828,0
0.0832,0
0.0836,0
0.084,0
0.0844,0
0.0848,0
0.0852,0
0.0856,0
0.086,0
0.0864,0
0.0868,0
0.0872,0
0.0876,0
0.088,0
0.0884,0
0.0888,0
0.0892,0
0.0896,0
0.09,0
0.0904,0
0.0908,0
0.0912,0
0.0916,0
0.092,0
0.0924,0
0.0928,0
0.0932,0
0.0936,0
0.094,0
0.0944,0
0.0948,0
0.0952,0
0.0956,0
0.096,0
0.0964,0
0.0968,0
0.0972,0
0.0976,0
0.098,0
0.0984,0
0.0988,0
0.0992,0
0.0996,0
0.1,0
0.1004,0
0.1008,0
0.1012,0
0.1016,0
0.102,0
0.1024,0
0.1028,0
0.1032,0
0.1036,0
0.104,0
0.1044,0
0.1048,0
0.1052,0
0.1056,0
0.106,0
0.1064,0
0.1068,0
0.1072,0
0.1076,0
0.108,0
0.1084,0
0.1088,0
0.1092,0
0.1096,0
0.11,0
0.1104,0
0.1108,0
0.1112,0
0.1116,0
0.112,0
0.1124,0
0.1128,0
0.1132,0
0.1136,0
0.114,0
0.1144,0
0.1148,0
0.1152,0
0.1156,0
0.116,0
0.1164,0
0.1168,0
0.1172,0
0.1176,0
0.118,0
0.1184,0
0.1188,0
0.1192,0
0.1196,0
0.12,0
0.1204,0
0.1208,0
0.1212,0
0.1216,0
0.122,0
0.1224,0
0.1228,0
0.1232,0
0.1236,0
0.124,0
0.1244,0
0.1248,0
0.1252,0
0.1256,0
0.126,0
0.1264,0
0.1268,0
0.1272,0
0.1276,0
0.128,0
0.1284,0
0.1288,0
0.1292,0
0.1296,0
0.13,0
0.1304,0
0.1308,0
0.1312,0
0.1316,0
0.132,0
0.1324,0
0.1328,0
0.1332,0
0.1336,0
0.134,0
0.1344,0
0.1348,0
0.1352,0
0.1356,0
0.136,0
0.1364,0
0.1368,0
0.1372,0
0.1376,0
0.138,0
0.1384,0
0.1388,0
0.1392,0
0.1396,0
0.14,0
0.1404,0
0.1408,0
0.1412,0
0.1416,0
0.142,0
0.1424,0
0.1428,0
0.1432,0
0.1436,0
0.144,0
0.1444,0
0.1448,0
0.1452,0
0.1456,0
0.146,0
0.1464,0
0.1468,0
0.1472,0
0.1476,0
0.148,0
0.1484,0
0.1488,0
0.1492,0
0.1496,0
0.15,0
0.1504,0
0.1508,0
0.1512,0
0.1516,0
0.152,0
0.1524,0
0.1528,0
0.1532,0
0.1536,0
0.154,0
0.1544,0
0.1548,0
0.1552,0
0.1556,0
0.156,0
0.1564,0
0.1568,0
0.1572,0
0.1576,0
0.158,0
0.1584,0
0.1588,0
0.1592,0
0.1596,0
0.16,0
0.1604,0
0.1608,0
0.1612,0
0.1616,0
0.162,0
0.1624,0
0.1628,0
0.1632,0
0.1636,0
0.164,0
0.1644,0
0.1648,0
0.1652,0
0.1656,0
0.166,0
0.1664,0
0.1668,0
0.1672,0
0.1676,0
0.168,0
0.1684,0
0.1688,0
0.1692,0
0.1696,0
0.17,0
0.1704,0
0.1708,0
0.1712,0
0.1716,0
0.172,0
0.1724,0
0.1728,0
0.1732,0
0.1736,0
0.174,0
0.1744,0
